itr,time,loss,theta,phi,gamma,bx,by,bz
0,0.020215988159179688,-0.5336269736289978,3.6271421909332275,-0.5997851490974426,2.4979324340820312,181.01539611816406,168.9609832763672,181.50059509277344
1,0.03755545616149902,-0.5375220775604248,3.6311404705047607,-0.5951372385025024,2.5047101974487305,180.8660125732422,169.2250518798828,181.80694580078125
2,0.03585314750671387,-0.5409945249557495,3.6336021423339844,-0.5905540585517883,2.507655620574951,180.69386291503906,169.5055694580078,182.12417602539062
3,0.036795854568481445,-0.543770968914032,3.633127450942993,-0.5904853343963623,2.5117075443267822,180.54820251464844,169.8076629638672,182.42218017578125
4,0.036391258239746094,-0.5461958050727844,3.633275270462036,-0.5864736437797546,2.512613296508789,180.44873046875,170.0935821533203,182.71153259277344
5,0.0369107723236084,-0.5496870875358582,3.6334986686706543,-0.589762270450592,2.523224115371704,180.3258819580078,170.39599609375,183.00894165039062
6,0.036623239517211914,-0.5528303384780884,3.6398379802703857,-0.5887144804000854,2.531890869140625,180.187744140625,170.6529998779297,183.30067443847656
7,0.03668475151062012,-0.5562618970870972,3.639802932739258,-0.5916668772697449,2.539296865463257,180.0829315185547,170.96923828125,183.59461975097656
8,0.03587055206298828,-0.5581665635108948,3.6403889656066895,-0.5927385091781616,2.540038824081421,179.94163513183594,171.1559600830078,183.89697265625
9,0.0372014045715332,-0.559937596321106,3.6402173042297363,-0.5900055766105652,2.5407605171203613,179.80580139160156,171.28717041015625,184.19073486328125
10,0.03769278526306152,-0.5620415806770325,3.641571283340454,-0.5883110165596008,2.5439252853393555,179.6859893798828,171.48663330078125,184.48159790039062
11,0.03578782081604004,-0.565005898475647,3.638336658477783,-0.5932285785675049,2.550302743911743,179.5821075439453,171.7427978515625,184.77503967285156
12,0.03641200065612793,-0.5676564574241638,3.6412341594696045,-0.5969145894050598,2.5548081398010254,179.50875854492188,172.04383850097656,185.05203247070312
13,0.03578591346740723,-0.5705292224884033,3.642620325088501,-0.5938168168067932,2.5600292682647705,179.39944458007812,172.31808471679688,185.38677978515625
14,0.03644895553588867,-0.5724020004272461,3.643245220184326,-0.5906006693840027,2.5623176097869873,179.2986297607422,172.55027770996094,185.6813507080078
15,0.0358424186706543,-0.574468731880188,3.6438169479370117,-0.5920389294624329,2.5632197856903076,179.2086181640625,172.82171630859375,185.95765686035156
16,0.03585672378540039,-0.577562689781189,3.646822690963745,-0.6021104454994202,2.56779408454895,179.16629028320312,173.0687255859375,186.2372589111328
17,0.0373687744140625,-0.5803169012069702,3.6464176177978516,-0.6058205366134644,2.572997570037842,179.07098388671875,173.32537841796875,186.52345275878906
18,0.03554844856262207,-0.5839552879333496,3.6470744609832764,-0.6066150069236755,2.581444501876831,178.9581298828125,173.63235473632812,186.83175659179688
19,0.03706073760986328,-0.5874930620193481,3.64377760887146,-0.6126114130020142,2.5881855487823486,178.81809997558594,173.8641815185547,187.13168334960938
20,0.03742504119873047,-0.5917589068412781,3.64557147026062,-0.6182568669319153,2.59631609916687,178.7459716796875,174.15504455566406,187.47872924804688
21,0.03567051887512207,-0.5961248278617859,3.6462550163269043,-0.6240367293357849,2.6052186489105225,178.6522674560547,174.40061950683594,187.80345153808594
22,0.036728858947753906,-0.6002994775772095,3.64699387550354,-0.6328268647193909,2.6108086109161377,178.6023712158203,174.59864807128906,188.1588592529297
23,0.03658938407897949,-0.6042759418487549,3.649040460586548,-0.6344122886657715,2.622547149658203,178.5242462158203,174.86862182617188,188.5204620361328
24,0.03698420524597168,-0.607659101486206,3.6480019092559814,-0.65128093957901,2.6261184215545654,178.27407836914062,175.07733154296875,188.9038848876953
25,0.035215139389038086,-0.6115849614143372,3.6482574939727783,-0.6676868796348572,2.6465110778808594,177.9376983642578,175.4253692626953,189.31033325195312
26,0.03683948516845703,-0.6194141507148743,3.625786066055298,-0.6448913216590881,2.6559457778930664,177.38148498535156,175.51304626464844,189.7418212890625
27,0.03637576103210449,-0.623037576675415,3.626073122024536,-0.6492892503738403,2.6650381088256836,177.40826416015625,175.6521759033203,190.06918334960938
28,0.035611867904663086,-0.6270295977592468,3.6248486042022705,-0.6520485877990723,2.6757373809814453,177.40538024902344,175.82534790039062,190.44483947753906
29,0.03619098663330078,-0.6307130455970764,3.6258373260498047,-0.656798779964447,2.6856350898742676,177.36024475097656,176.03567504882812,190.76377868652344
30,0.036467552185058594,-0.6339876055717468,3.622169256210327,-0.6569352149963379,2.6935548782348633,177.31744384765625,176.18222045898438,191.1485595703125
31,0.03552746772766113,-0.6392326951026917,3.6245524883270264,-0.6685277223587036,2.7011096477508545,177.2295684814453,176.3802947998047,191.54750061035156
32,0.03570151329040527,-0.6429405212402344,3.6226677894592285,-0.6742504835128784,2.7046189308166504,177.1131591796875,176.52418518066406,191.96937561035156
33,0.036218881607055664,-0.6466127634048462,3.616802930831909,-0.670015275478363,2.714784860610962,176.9808807373047,176.6632537841797,192.37149047851562
34,0.0360562801361084,-0.6487874984741211,3.6166868209838867,-0.6912205219268799,2.716691017150879,176.84234619140625,176.83897399902344,192.78048706054688
35,0.03551125526428223,-0.6508309245109558,3.6009440422058105,-0.6622375845909119,2.7244362831115723,176.39247131347656,176.98695373535156,193.1843719482422
36,0.035454511642456055,-0.6578553318977356,3.600494861602783,-0.6790464520454407,2.733572244644165,176.4154510498047,177.04995727539062,193.54833984375
37,0.03502011299133301,-0.6614356637001038,3.5993764400482178,-0.6904358863830566,2.7368500232696533,176.42027282714844,177.2204132080078,193.9214630126953
38,0.035579681396484375,-0.6642748117446899,3.597691059112549,-0.6871269941329956,2.7463057041168213,176.3935089111328,177.3554229736328,194.2680206298828
39,0.03519320487976074,-0.6671488881111145,3.5947837829589844,-0.6906664371490479,2.7537832260131836,176.35015869140625,177.49392700195312,194.60284423828125
40,0.03569507598876953,-0.6696404218673706,3.5888657569885254,-0.6912291646003723,2.759946346282959,176.2393341064453,177.59368896484375,194.92474365234375
41,0.03508639335632324,-0.6714058518409729,3.5881776809692383,-0.689382791519165,2.7670230865478516,176.31822204589844,177.7058563232422,195.2357940673828
42,0.03520798683166504,-0.6732349991798401,3.5887579917907715,-0.6909474730491638,2.773104667663574,176.29962158203125,177.8029022216797,195.51499938964844
43,0.03558993339538574,-0.6744665503501892,3.5864737033843994,-0.6835000514984131,2.779160499572754,176.38934326171875,177.90182495117188,195.7818145751953
44,0.034895896911621094,-0.6764329075813293,3.5820815563201904,-0.6912927627563477,2.7836296558380127,176.3837127685547,178.0193634033203,196.04319763183594
45,0.035106658935546875,-0.6776429414749146,3.5793356895446777,-0.6885522603988647,2.7882745265960693,176.35150146484375,178.0801239013672,196.26515197753906
46,0.035362958908081055,-0.678791344165802,3.5761613845825195,-0.689505934715271,2.7905285358428955,176.26028442382812,178.1490478515625,196.50738525390625
47,0.03526115417480469,-0.6799079179763794,3.57560658454895,-0.6897298097610474,2.7973878383636475,176.26602172851562,178.23243713378906,196.6984405517578
48,0.034829139709472656,-0.6805152297019958,3.57387638092041,-0.6907854676246643,2.7982285022735596,176.2413787841797,178.3293914794922,196.8756103515625
49,0.03511810302734375,-0.6812282204627991,3.5710737705230713,-0.6925884485244751,2.8017098903656006,176.21438598632812,178.38441467285156,197.03089904785156
50,0.0355830192565918,-0.6819301843643188,3.569056510925293,-0.6929346919059753,2.8060507774353027,176.19151306152344,178.39830017089844,197.16302490234375
51,0.034940481185913086,-0.6828962564468384,3.564356565475464,-0.6907636523246765,2.810267448425293,176.1673126220703,178.51025390625,197.3055877685547
52,0.035176753997802734,-0.6834677457809448,3.563277006149292,-0.6955199241638184,2.815593957901001,176.1754150390625,178.56202697753906,197.43478393554688
53,0.0347440242767334,-0.6836456656455994,3.56298565864563,-0.6891543865203857,2.815303325653076,176.15618896484375,178.65101623535156,197.54331970214844
54,0.035151004791259766,-0.6841132640838623,3.5639801025390625,-0.6917223334312439,2.818666696548462,176.18553161621094,178.70785522460938,197.63941955566406
55,0.03531336784362793,-0.6843840479850769,3.5651915073394775,-0.6923945546150208,2.8198254108428955,176.1593017578125,178.81752014160156,197.73367309570312
56,0.03557395935058594,-0.6846550703048706,3.5640006065368652,-0.6893793344497681,2.8225021362304688,176.15884399414062,178.88929748535156,197.802978515625
57,0.035605430603027344,-0.6850882172584534,3.5654296875,-0.6900415420532227,2.8254740238189697,176.1390838623047,178.99046325683594,197.90065002441406
58,0.03481459617614746,-0.685688853263855,3.5670697689056396,-0.688692033290863,2.830176591873169,176.1262664794922,179.08819580078125,198.0004119873047
59,0.03501486778259277,-0.6860284209251404,3.56707763671875,-0.685529887676239,2.832432985305786,176.11402893066406,179.1604461669922,198.1022186279297
60,0.035318851470947266,-0.6862093210220337,3.563594341278076,-0.6876729726791382,2.8326330184936523,176.1021728515625,179.26210021972656,198.1669158935547
61,0.03484773635864258,-0.6867586970329285,3.5635886192321777,-0.6821967363357544,2.8366992473602295,176.10354614257812,179.40660095214844,198.27088928222656
62,0.035434722900390625,-0.6871829628944397,3.5607030391693115,-0.683594822883606,2.8383994102478027,176.10394287109375,179.48655700683594,198.36148071289062
63,0.034752845764160156,-0.6871427297592163,3.560289144515991,-0.6908600330352783,2.839559316635132,176.1570281982422,179.6026611328125,198.42832946777344
64,0.03488636016845703,-0.6876621246337891,3.5588483810424805,-0.6824043989181519,2.8398962020874023,176.15919494628906,179.69908142089844,198.47438049316406
65,0.03527545928955078,-0.6881042718887329,3.553682327270508,-0.6837979555130005,2.839975357055664,176.1890869140625,179.79095458984375,198.5366668701172
66,0.03585696220397949,-0.6883682608604431,3.553440809249878,-0.6822792291641235,2.843276262283325,176.21409606933594,179.90072631835938,198.56472778320312
67,0.034658193588256836,-0.6888088583946228,3.54849910736084,-0.6837064623832703,2.845005512237549,176.234130859375,179.9658203125,198.59213256835938
68,0.03759646415710449,-0.6889644265174866,3.54925799369812,-0.6842809319496155,2.8474838733673096,176.2550506591797,180.05650329589844,198.63829040527344
69,0.034424543380737305,-0.6889671683311462,3.5468883514404297,-0.6814718246459961,2.847266674041748,176.27084350585938,180.1432342529297,198.62088012695312
70,0.03536868095397949,-0.6892899870872498,3.541506767272949,-0.6843631863594055,2.8480961322784424,176.25746154785156,180.20346069335938,198.6669921875
71,0.035910606384277344,-0.6894760131835938,3.5437138080596924,-0.6832428574562073,2.849801540374756,176.27699279785156,180.31536865234375,198.68746948242188
72,0.034958839416503906,-0.6896330118179321,3.542041301727295,-0.6871024966239929,2.852104902267456,176.29383850097656,180.38076782226562,198.68072509765625
73,0.0357823371887207,-0.6896417737007141,3.542747974395752,-0.6822707056999207,2.852895498275757,176.33489990234375,180.43357849121094,198.66354370117188
74,0.03488564491271973,-0.6896559596061707,3.542766571044922,-0.6806908249855042,2.8518993854522705,176.34332275390625,180.56861877441406,198.69613647460938
75,0.035157203674316406,-0.6899908185005188,3.5415894985198975,-0.6849738359451294,2.8534107208251953,176.34376525878906,180.6186065673828,198.7133026123047
76,0.03507542610168457,-0.6901726722717285,3.5376293659210205,-0.6869809031486511,2.8525404930114746,176.3579559326172,180.7184600830078,198.68980407714844
77,0.03559112548828125,-0.6904390454292297,3.5352587699890137,-0.6852310299873352,2.8548078536987305,176.37979125976562,180.79710388183594,198.69644165039062
78,0.034833669662475586,-0.69061678647995,3.5350277423858643,-0.6851164698600769,2.8580551147460938,176.41793823242188,180.84814453125,198.69400024414062
79,0.03521609306335449,-0.6907384991645813,3.533534049987793,-0.6842936277389526,2.8603591918945312,176.4397430419922,180.90023803710938,198.71548461914062
80,0.034790992736816406,-0.6909794211387634,3.532548189163208,-0.684111475944519,2.8600945472717285,176.4366455078125,181.056884765625,198.71205139160156
81,0.034888267517089844,-0.6912062168121338,3.5306015014648438,-0.6873713135719299,2.86242938041687,176.45376586914062,181.1425018310547,198.76162719726562
82,0.03516817092895508,-0.6913900971412659,3.5306832790374756,-0.6850466728210449,2.866030693054199,176.44744873046875,181.2208251953125,198.73182678222656
83,0.03530144691467285,-0.691353440284729,3.529057025909424,-0.6887863874435425,2.8646507263183594,176.44821166992188,181.24276733398438,198.72308349609375
84,0.03489279747009277,-0.6913672685623169,3.5298876762390137,-0.6837841272354126,2.8685250282287598,176.4445343017578,181.30203247070312,198.74261474609375
85,0.03510165214538574,-0.691575825214386,3.528035879135132,-0.6866005659103394,2.8668997287750244,176.45465087890625,181.3509521484375,198.74603271484375
86,0.035262346267700195,-0.6914440989494324,3.5292980670928955,-0.683937668800354,2.8685555458068848,176.4656524658203,181.3660125732422,198.74359130859375
87,0.03515219688415527,-0.6916543841362,3.527456045150757,-0.6858481764793396,2.867971420288086,176.47418212890625,181.421142578125,198.72157287597656
88,0.03481459617614746,-0.6917417049407959,3.52223801612854,-0.6855997443199158,2.8644940853118896,176.48594665527344,181.45787048339844,198.704833984375
89,0.035225868225097656,-0.6918251514434814,3.5212647914886475,-0.6860043406486511,2.8650898933410645,176.51292419433594,181.51963806152344,198.7124481201172
90,0.035944461822509766,-0.69193434715271,3.521355390548706,-0.6864374876022339,2.8680684566497803,176.5493621826172,181.55828857421875,198.7142333984375
91,0.034919023513793945,-0.6918928623199463,3.52180814743042,-0.6817994117736816,2.8675503730773926,176.57553100585938,181.6669464111328,198.7108154296875
92,0.03509187698364258,-0.6921221613883972,3.5217039585113525,-0.6860380172729492,2.8699755668640137,176.60874938964844,181.71893310546875,198.7236785888672
93,0.03547215461730957,-0.6921016573905945,3.520253896713257,-0.6827728748321533,2.866103172302246,176.6194305419922,181.8173828125,198.7300567626953
94,0.03467106819152832,-0.6921786069869995,3.5195212364196777,-0.6866552233695984,2.8660569190979004,176.6418914794922,181.87100219726562,198.7334442138672
95,0.035167694091796875,-0.6923050284385681,3.5196073055267334,-0.6835219860076904,2.8678383827209473,176.64846801757812,181.93768310546875,198.72068786621094
96,0.035083770751953125,-0.6923185586929321,3.518656015396118,-0.687086284160614,2.8688368797302246,176.66018676757812,181.99746704101562,198.72425842285156
97,0.03573727607727051,-0.6924152374267578,3.5174641609191895,-0.6839566230773926,2.8716747760772705,176.67100524902344,181.9999542236328,198.69371032714844
98,0.035951852798461914,-0.6924241185188293,3.5166544914245605,-0.6856258511543274,2.870598077774048,176.67237854003906,182.04901123046875,198.71751403808594
99,0.03444814682006836,-0.692480742931366,3.5166754722595215,-0.6843838691711426,2.8706307411193848,176.66494750976562,182.0873260498047,198.73797607421875
100,0.03473162651062012,-0.6924864649772644,3.5156655311584473,-0.6862379312515259,2.8747451305389404,176.67898559570312,182.09140014648438,198.75335693359375
101,0.03533148765563965,-0.692689061164856,3.5132529735565186,-0.6844232678413391,2.8766188621520996,176.67828369140625,182.17623901367188,198.7546844482422
102,0.035292863845825195,-0.6927624940872192,3.512024402618408,-0.686302900314331,2.8777589797973633,176.7178955078125,182.28224182128906,198.7608642578125
103,0.03630661964416504,-0.6928660869598389,3.5091354846954346,-0.6813432574272156,2.8769378662109375,176.7225341796875,182.31080627441406,198.75784301757812
104,0.035247087478637695,-0.6931911706924438,3.5065314769744873,-0.6841599345207214,2.876620054244995,176.75108337402344,182.40074157714844,198.7672576904297
105,0.03444504737854004,-0.6932100653648376,3.5035314559936523,-0.6841827630996704,2.873962163925171,176.78416442871094,182.4617462158203,198.7853546142578
106,0.03505301475524902,-0.6933255791664124,3.5016515254974365,-0.6856852769851685,2.8733301162719727,176.8202362060547,182.56736755371094,198.78656005859375
107,0.034700870513916016,-0.6935765147209167,3.500028610229492,-0.6825769543647766,2.877431869506836,176.86865234375,182.6720733642578,198.78770446777344
108,0.035637855529785156,-0.6938879489898682,3.4983012676239014,-0.6853235363960266,2.8794312477111816,176.89329528808594,182.73715209960938,198.78334045410156
109,0.03465080261230469,-0.6937812566757202,3.501185894012451,-0.6829869151115417,2.8805530071258545,176.91384887695312,182.7486572265625,198.7818603515625
110,0.03533315658569336,-0.6938761472702026,3.5006215572357178,-0.6856915950775146,2.8801333904266357,176.96615600585938,182.8536376953125,198.79254150390625
111,0.034796714782714844,-0.6941043138504028,3.498660087585449,-0.6843168139457703,2.8833792209625244,176.96922302246094,182.9268798828125,198.77772521972656
112,0.03524661064147949,-0.6940737962722778,3.4996702671051025,-0.6833655834197998,2.886089324951172,176.9718780517578,182.93154907226562,198.77711486816406
113,0.03467702865600586,-0.6940078735351562,3.4953880310058594,-0.6862003803253174,2.8820557594299316,176.97076416015625,182.9918975830078,198.7946014404297
114,0.03480267524719238,-0.693869948387146,3.4975852966308594,-0.6793771982192993,2.88138484954834,176.98275756835938,183.0594024658203,198.7884979248047
115,0.03520560264587402,-0.694011390209198,3.497645616531372,-0.6819573640823364,2.881885528564453,177.00027465820312,183.11192321777344,198.8022918701172
116,0.03532290458679199,-0.6940426826477051,3.496108055114746,-0.6861340999603271,2.8821561336517334,177.013427734375,183.10836791992188,198.8110809326172
117,0.03461790084838867,-0.6941577196121216,3.4949657917022705,-0.6822993159294128,2.8832437992095947,177.00869750976562,183.14657592773438,198.78961181640625
118,0.03536200523376465,-0.69432133436203,3.4894540309906006,-0.6879160404205322,2.8848021030426025,177.01365661621094,183.18553161621094,198.8008575439453
119,0.03510642051696777,-0.6943506598472595,3.489154815673828,-0.6808099150657654,2.8836567401885986,177.0178985595703,183.2332305908203,198.80239868164062
120,0.035193443298339844,-0.6946138739585876,3.4909722805023193,-0.6830332279205322,2.883542060852051,177.04251098632812,183.29586791992188,198.82630920410156
121,0.034647226333618164,-0.6945376396179199,3.488506317138672,-0.6846285462379456,2.8823142051696777,177.0618438720703,183.27174377441406,198.81362915039062
122,0.03485441207885742,-0.694563090801239,3.4895777702331543,-0.6863818764686584,2.8850746154785156,177.1040802001953,183.30194091796875,198.8050994873047
123,0.035279035568237305,-0.6943696141242981,3.4914743900299072,-0.6794506311416626,2.8855791091918945,177.08792114257812,183.3504180908203,198.78665161132812
124,0.035520315170288086,-0.6946708559989929,3.4897992610931396,-0.6817944049835205,2.8869216442108154,177.08619689941406,183.42959594726562,198.8264923095703
125,0.03538918495178223,-0.6947613954544067,3.4905989170074463,-0.6855464577674866,2.886730432510376,177.108642578125,183.46771240234375,198.87042236328125
126,0.034644126892089844,-0.6944867968559265,3.4878926277160645,-0.679585874080658,2.886575698852539,177.06654357910156,183.4977569580078,198.86695861816406
127,0.03531980514526367,-0.6945503354072571,3.4895830154418945,-0.6802629828453064,2.888650417327881,177.07667541503906,183.59349060058594,198.87930297851562
128,0.035077810287475586,-0.6948667168617249,3.4909567832946777,-0.6845032572746277,2.889186382293701,177.131103515625,183.64044189453125,198.91751098632812
129,0.03488326072692871,-0.6948737502098083,3.490514039993286,-0.6833995580673218,2.8885343074798584,177.10365295410156,183.72872924804688,198.89735412597656
130,0.035292863845825195,-0.6948812007904053,3.490054130554199,-0.6854938864707947,2.889430522918701,177.13632202148438,183.74485778808594,198.89097595214844
131,0.03471064567565918,-0.6950502395629883,3.4906771183013916,-0.683722972869873,2.8937933444976807,177.09971618652344,183.8283233642578,198.8755340576172
132,0.035291433334350586,-0.6950590014457703,3.4895505905151367,-0.6851903200149536,2.895031690597534,177.1094970703125,183.86648559570312,198.8887939453125
133,0.03501582145690918,-0.6951672434806824,3.492044448852539,-0.680483877658844,2.8951666355133057,177.09764099121094,183.96917724609375,198.87579345703125
134,0.03467297554016113,-0.6951437592506409,3.494567632675171,-0.6840105652809143,2.900148868560791,177.14552307128906,184.09828186035156,198.90052795410156
135,0.03484392166137695,-0.6953142285346985,3.4922971725463867,-0.678607702255249,2.896751642227173,177.11109924316406,184.1959686279297,198.89955139160156
136,0.03545498847961426,-0.6955676674842834,3.4933316707611084,-0.6817776560783386,2.8983101844787598,177.15884399414062,184.25836181640625,198.93167114257812
137,0.03607010841369629,-0.6956331133842468,3.495149612426758,-0.6803669929504395,2.8993406295776367,177.18408203125,184.33631896972656,198.91220092773438
138,0.03505229949951172,-0.6957122087478638,3.494065761566162,-0.6804685592651367,2.902543544769287,177.23826599121094,184.36532592773438,198.91461181640625
139,0.03460288047790527,-0.6957948803901672,3.4945120811462402,-0.6794638633728027,2.9024507999420166,177.25816345214844,184.4580841064453,198.88592529296875
140,0.03506040573120117,-0.695837676525116,3.4942028522491455,-0.679129421710968,2.9030470848083496,177.27833557128906,184.51040649414062,198.90048217773438
141,0.035063743591308594,-0.6958650946617126,3.4937806129455566,-0.6798811554908752,2.9041876792907715,177.2872314453125,184.54461669921875,198.9248046875
142,0.0350956916809082,-0.6958970427513123,3.49489164352417,-0.6781234741210938,2.9053027629852295,177.3038330078125,184.5929718017578,198.92735290527344
143,0.03476834297180176,-0.6958133578300476,3.4933297634124756,-0.6817361116409302,2.9048731327056885,177.30030822753906,184.61264038085938,198.92568969726562
144,0.03494143486022949,-0.6959558129310608,3.494933605194092,-0.6779363751411438,2.907106399536133,177.2958526611328,184.68934631347656,198.9461669921875
145,0.03515768051147461,-0.6959651708602905,3.4964165687561035,-0.6812592148780823,2.909517288208008,177.26809692382812,184.7089080810547,198.9683837890625
146,0.03448963165283203,-0.6960145235061646,3.4938571453094482,-0.6785488724708557,2.9115095138549805,177.22862243652344,184.7934112548828,198.96878051757812
147,0.03615379333496094,-0.69612717628479,3.493499755859375,-0.6808843612670898,2.9125852584838867,177.2042694091797,184.86351013183594,198.98556518554688
148,0.03536272048950195,-0.6963545083999634,3.4901599884033203,-0.6784397959709167,2.9086599349975586,177.19430541992188,184.95504760742188,198.98655700683594
149,0.03493523597717285,-0.6962983012199402,3.4890575408935547,-0.6831338405609131,2.9073269367218018,177.21804809570312,185.05142211914062,199.01991271972656
150,0.03555607795715332,-0.6963845491409302,3.487077236175537,-0.6759886741638184,2.90553617477417,177.22459411621094,185.12269592285156,199.01161193847656
151,0.03490161895751953,-0.6965653896331787,3.4878249168395996,-0.6805195212364197,2.9064316749572754,177.23403930664062,185.19912719726562,199.01414489746094
152,0.03560686111450195,-0.6965213418006897,3.4877254962921143,-0.676457941532135,2.905686855316162,177.25579833984375,185.2454376220703,199.02671813964844
153,0.03456687927246094,-0.6966813802719116,3.488037109375,-0.6790251731872559,2.906623363494873,177.2765350341797,185.29879760742188,199.0423126220703
154,0.03530120849609375,-0.6967557668685913,3.4890496730804443,-0.6791650652885437,2.9063403606414795,177.26971435546875,185.39471435546875,199.03018188476562
155,0.034711360931396484,-0.6967427730560303,3.489274263381958,-0.6774851679801941,2.9083526134490967,177.2557373046875,185.5369873046875,199.02377319335938
156,0.03540968894958496,-0.6968621015548706,3.4862282276153564,-0.6810994744300842,2.90635347366333,177.27145385742188,185.5552215576172,199.0282440185547
157,0.03459358215332031,-0.6969428062438965,3.4837939739227295,-0.6777668595314026,2.9079840183258057,177.27645874023438,185.56063842773438,199.06353759765625
158,0.03528714179992676,-0.6970402598381042,3.4818270206451416,-0.6809536814689636,2.9074594974517822,177.27902221679688,185.61920166015625,199.0952606201172
159,0.034752607345581055,-0.6970821619033813,3.482487678527832,-0.6781598925590515,2.9084413051605225,177.29727172851562,185.68463134765625,199.09458923339844
160,0.035307884216308594,-0.6971182823181152,3.4804155826568604,-0.6806684732437134,2.90769362449646,177.28233337402344,185.7076873779297,199.10618591308594
161,0.034563541412353516,-0.697169303894043,3.4821465015411377,-0.680685818195343,2.9092178344726562,177.29571533203125,185.78659057617188,199.114501953125
162,0.035086870193481445,-0.6971662044525146,3.4823110103607178,-0.6786060929298401,2.908837080001831,177.3170623779297,185.855712890625,199.1162567138672
163,0.034769535064697266,-0.6972211003303528,3.481083869934082,-0.6794829368591309,2.90787935256958,177.2993621826172,185.90191650390625,199.13754272460938
164,0.03544497489929199,-0.6972426772117615,3.4808268547058105,-0.6783499121665955,2.907061815261841,177.3009796142578,185.94650268554688,199.14004516601562
165,0.03463864326477051,-0.6973503828048706,3.4822988510131836,-0.6784749627113342,2.9071385860443115,177.31211853027344,186.01795959472656,199.11387634277344
166,0.03542923927307129,-0.697331428527832,3.483682155609131,-0.6784934997558594,2.908961057662964,177.31454467773438,186.0884552001953,199.11830139160156
167,0.03464365005493164,-0.6973620057106018,3.482492208480835,-0.6794281005859375,2.906022310256958,177.3166046142578,186.1320343017578,199.1190185546875
168,0.035233497619628906,-0.6973916888237,3.4805684089660645,-0.6793711185455322,2.9080615043640137,177.3442840576172,186.14813232421875,199.11451721191406
169,0.03474283218383789,-0.6974689960479736,3.482081651687622,-0.6790463924407959,2.9079465866088867,177.3411102294922,186.24264526367188,199.1107635498047
170,0.03531765937805176,-0.6974555850028992,3.483006000518799,-0.6798898577690125,2.90852689743042,177.34352111816406,186.22703552246094,199.09963989257812
171,0.034917593002319336,-0.697486162185669,3.4806556701660156,-0.6796088814735413,2.9085934162139893,177.3528594970703,186.2572021484375,199.08316040039062
172,0.035390615463256836,-0.6974638104438782,3.4798481464385986,-0.67893385887146,2.906517505645752,177.3665313720703,186.34597778320312,199.0768280029297
173,0.03477001190185547,-0.6976081132888794,3.4787161350250244,-0.6809908747673035,2.909698247909546,177.37835693359375,186.3865966796875,199.0786590576172
174,0.034941911697387695,-0.6976287961006165,3.478874683380127,-0.6799437403678894,2.909841299057007,177.3789825439453,186.40960693359375,199.05628967285156
175,0.03565478324890137,-0.6977019309997559,3.4756104946136475,-0.6802682876586914,2.9089040756225586,177.3802490234375,186.46340942382812,199.03199768066406
176,0.035856008529663086,-0.697784960269928,3.475139617919922,-0.6824334859848022,2.90789794921875,177.37452697753906,186.52578735351562,199.01116943359375
177,0.03499913215637207,-0.697958767414093,3.4696173667907715,-0.6826886534690857,2.90580153465271,177.35606384277344,186.6261749267578,198.99795532226562
178,0.03446793556213379,-0.6979677677154541,3.4691379070281982,-0.6847026348114014,2.9067482948303223,177.38648986816406,186.62631225585938,199.03753662109375
179,0.034956932067871094,-0.6979821920394897,3.4701738357543945,-0.6822906136512756,2.9070582389831543,177.4052276611328,186.6527099609375,199.01919555664062
180,0.03477120399475098,-0.6979748010635376,3.47088360786438,-0.6849791407585144,2.9065892696380615,177.415283203125,186.6398468017578,199.03237915039062
181,0.035216569900512695,-0.6980280876159668,3.470792293548584,-0.6822797060012817,2.9081575870513916,177.4185333251953,186.66941833496094,199.00173950195312
182,0.0345911979675293,-0.6980640292167664,3.472836494445801,-0.6837790608406067,2.907883882522583,177.42616271972656,186.69068908691406,198.97940063476562
183,0.03513360023498535,-0.6980386972427368,3.4720606803894043,-0.6835314631462097,2.9114434719085693,177.4330596923828,186.71929931640625,198.985595703125
184,0.03509807586669922,-0.6980183124542236,3.4743056297302246,-0.680889368057251,2.91046404838562,177.43238830566406,186.76002502441406,198.98770141601562
185,0.03567171096801758,-0.6980642676353455,3.4731171131134033,-0.6830443739891052,2.9111030101776123,177.43240356445312,186.7816925048828,198.98741149902344
186,0.0344386100769043,-0.6981281042098999,3.4713985919952393,-0.6830117702484131,2.909409523010254,177.43565368652344,186.8558349609375,198.97853088378906
187,0.035284996032714844,-0.6980966925621033,3.471904754638672,-0.6846746206283569,2.9108238220214844,177.42813110351562,186.88409423828125,198.9740753173828
188,0.03458571434020996,-0.6979337930679321,3.468647003173828,-0.6808088421821594,2.907499313354492,177.3961181640625,186.90708923339844,198.9405059814453
189,0.03543543815612793,-0.6982384324073792,3.4652881622314453,-0.6845256686210632,2.9077579975128174,177.3948516845703,186.916748046875,198.95510864257812
190,0.034538984298706055,-0.6982653737068176,3.4651129245758057,-0.6845609545707703,2.9086270332336426,177.396240234375,186.9337921142578,198.93275451660156
191,0.035057783126831055,-0.6983453631401062,3.4658865928649902,-0.6837669610977173,2.909402847290039,177.39801025390625,186.98666381835938,198.9041748046875
192,0.03467059135437012,-0.6982365250587463,3.465034246444702,-0.681306004524231,2.9103496074676514,177.4119873046875,187.05519104003906,198.9109649658203
193,0.03546142578125,-0.6983507871627808,3.4668996334075928,-0.686087965965271,2.9114983081817627,177.42848205566406,187.10821533203125,198.91342163085938
194,0.03426718711853027,-0.6984938383102417,3.465329885482788,-0.683440089225769,2.910853624343872,177.42568969726562,187.157958984375,198.8690948486328
195,0.03538036346435547,-0.6985043287277222,3.463282346725464,-0.6852286458015442,2.909825086593628,177.4218292236328,187.2384796142578,198.8710479736328
196,0.035103797912597656,-0.6985641717910767,3.462367534637451,-0.6839405298233032,2.911860942840576,177.43138122558594,187.283203125,198.8553466796875
197,0.035883188247680664,-0.6986087560653687,3.4629387855529785,-0.6845300197601318,2.91054105758667,177.42739868164062,187.33212280273438,198.8601837158203
198,0.03536415100097656,-0.6986755132675171,3.464186429977417,-0.6851966381072998,2.9108200073242188,177.41998291015625,187.41653442382812,198.86656188964844
199,0.03500962257385254,-0.6986988186836243,3.463456630706787,-0.6856072545051575,2.9123594760894775,177.4163360595703,187.4523468017578,198.87106323242188
200,0.03465127944946289,-0.6985803246498108,3.4670214653015137,-0.68258136510849,2.9157328605651855,177.4225311279297,187.4523162841797,198.86585998535156
201,0.03513145446777344,-0.6986751556396484,3.46872615814209,-0.6848660707473755,2.914679765701294,177.4053497314453,187.53927612304688,198.8609161376953
202,0.03507423400878906,-0.6985518932342529,3.4674508571624756,-0.681795597076416,2.9107275009155273,177.39053344726562,187.62852478027344,198.8396453857422
203,0.03451704978942871,-0.6985615491867065,3.466585397720337,-0.687461793422699,2.910352945327759,177.39315795898438,187.6786651611328,198.8450469970703
204,0.03502225875854492,-0.6987958550453186,3.463848352432251,-0.6816869974136353,2.9156556129455566,177.3682861328125,187.6652069091797,198.835205078125
205,0.034874916076660156,-0.6989043354988098,3.4635748863220215,-0.6849730610847473,2.915811061859131,177.3732147216797,187.72303771972656,198.84197998046875
206,0.034420013427734375,-0.6989842653274536,3.460747480392456,-0.6842074394226074,2.913564443588257,177.34861755371094,187.761962890625,198.81507873535156
207,0.034914493560791016,-0.6990117430686951,3.4616119861602783,-0.6849968433380127,2.9140288829803467,177.36557006835938,187.8383026123047,198.79551696777344
208,0.03495001792907715,-0.6991240978240967,3.4604499340057373,-0.6845840811729431,2.9164490699768066,177.3500518798828,187.83914184570312,198.77487182617188
209,0.03465628623962402,-0.6989823579788208,3.459561586380005,-0.682064414024353,2.914625644683838,177.33106994628906,187.9208984375,198.77188110351562
210,0.03468751907348633,-0.6991047859191895,3.458824872970581,-0.6880218386650085,2.919403076171875,177.35311889648438,187.94728088378906,198.77255249023438
211,0.03496146202087402,-0.6991363167762756,3.4598605632781982,-0.6858007907867432,2.920652151107788,177.3673858642578,188.02981567382812,198.73431396484375
212,0.03534388542175293,-0.6991930603981018,3.457291841506958,-0.6853159070014954,2.9181299209594727,177.35284423828125,188.05812072753906,198.71890258789062
213,0.034477949142456055,-0.6991497874259949,3.4598474502563477,-0.6830309629440308,2.917696714401245,177.35842895507812,188.10853576660156,198.73387145996094
214,0.03505539894104004,-0.6991072297096252,3.4622802734375,-0.6876750588417053,2.9176764488220215,177.36328125,188.1785125732422,198.71646118164062
215,0.034841060638427734,-0.6992900967597961,3.4599545001983643,-0.6855928301811218,2.9179205894470215,177.35411071777344,188.22093200683594,198.68768310546875
216,0.0346217155456543,-0.6992658972740173,3.458238124847412,-0.6849840879440308,2.9166083335876465,177.35975646972656,188.2655487060547,198.6559295654297
217,0.03486132621765137,-0.6992455124855042,3.461517333984375,-0.6845970153808594,2.9186911582946777,177.3627166748047,188.3218536376953,198.66433715820312
218,0.03480386734008789,-0.6993039846420288,3.4579694271087646,-0.6871093511581421,2.9192817211151123,177.3278350830078,188.36688232421875,198.65280151367188
219,0.03504347801208496,-0.6993281841278076,3.4578986167907715,-0.6862509250640869,2.9196078777313232,177.362548828125,188.38723754882812,198.6331329345703
220,0.03437638282775879,-0.6992521286010742,3.4560117721557617,-0.6884841918945312,2.921682119369507,177.3625030517578,188.29725646972656,198.62542724609375
221,0.03495192527770996,-0.6992639303207397,3.456916570663452,-0.6890663504600525,2.92348313331604,177.38204956054688,188.32325744628906,198.62286376953125
222,0.03512310981750488,-0.6993061304092407,3.4567534923553467,-0.6873992085456848,2.9214186668395996,177.39483642578125,188.39663696289062,198.60438537597656
223,0.034351348876953125,-0.6994202733039856,3.4569644927978516,-0.6877837777137756,2.918811082839966,177.4037322998047,188.48495483398438,198.59913635253906
224,0.03521108627319336,-0.6995298862457275,3.4540934562683105,-0.6875941753387451,2.9180028438568115,177.42718505859375,188.5457305908203,198.60650634765625
225,0.03488731384277344,-0.6995415091514587,3.4560017585754395,-0.6862877011299133,2.9213056564331055,177.47076416015625,188.6326446533203,198.58779907226562
226,0.03435659408569336,-0.699738085269928,3.454080104827881,-0.688494086265564,2.9202568531036377,177.45211791992188,188.7087860107422,198.59368896484375
227,0.034630537033081055,-0.6997719407081604,3.4521331787109375,-0.6862477660179138,2.9185914993286133,177.4876708984375,188.79127502441406,198.56954956054688
228,0.0349116325378418,-0.6997994184494019,3.451296806335449,-0.6849962472915649,2.922853946685791,177.5008544921875,188.78225708007812,198.58006286621094
229,0.03457999229431152,-0.6996970772743225,3.44954514503479,-0.6852540373802185,2.9174656867980957,177.48956298828125,188.86944580078125,198.5839385986328
230,0.03463435173034668,-0.6997857093811035,3.4501030445098877,-0.686618983745575,2.9242899417877197,177.5108642578125,188.85105895996094,198.58993530273438
231,0.03477358818054199,-0.6998304128646851,3.4485726356506348,-0.6841782927513123,2.9215328693389893,177.51065063476562,188.86253356933594,198.57984924316406
232,0.03503990173339844,-0.6997365355491638,3.448625087738037,-0.6875336766242981,2.9269416332244873,177.52767944335938,188.8330078125,198.561279296875
233,0.03430032730102539,-0.6998936533927917,3.4464383125305176,-0.6873688697814941,2.923672914505005,177.5408477783203,188.90234375,198.5557861328125
234,0.03479480743408203,-0.6999741196632385,3.445246696472168,-0.6884022951126099,2.9251205921173096,177.55809020996094,188.96470642089844,198.55198669433594
235,0.03508925437927246,-0.6999676823616028,3.4463257789611816,-0.6877414584159851,2.9278979301452637,177.59664916992188,189.02598571777344,198.5549774169922
236,0.03440046310424805,-0.700048565864563,3.44578218460083,-0.689087986946106,2.927943229675293,177.6173858642578,189.04481506347656,198.53533935546875
237,0.0352940559387207,-0.7000077366828918,3.4446651935577393,-0.6909148097038269,2.928816318511963,177.63107299804688,189.06256103515625,198.51158142089844
238,0.034879207611083984,-0.7000938057899475,3.4433393478393555,-0.6883700489997864,2.9271881580352783,177.6353759765625,189.10450744628906,198.52423095703125
239,0.0345766544342041,-0.7000958919525146,3.4423396587371826,-0.6886165738105774,2.925071954727173,177.66531372070312,189.1466827392578,198.52023315429688
240,0.03461623191833496,-0.7000959515571594,3.442323923110962,-0.6899527311325073,2.9292514324188232,177.71185302734375,189.13929748535156,198.53038024902344
241,0.03498530387878418,-0.7001797556877136,3.442265272140503,-0.6889835000038147,2.9279136657714844,177.7199249267578,189.1739501953125,198.4989776611328
242,0.03432106971740723,-0.7002580761909485,3.4391653537750244,-0.6872918605804443,2.9270331859588623,177.6979522705078,189.24530029296875,198.51171875
243,0.03460884094238281,-0.7002493143081665,3.4400200843811035,-0.6892167925834656,2.9295907020568848,177.72727966308594,189.24644470214844,198.5306396484375
244,0.0351109504699707,-0.7002645134925842,3.4391372203826904,-0.6872727870941162,2.9266960620880127,177.7518768310547,189.2941436767578,198.54580688476562
245,0.034340620040893555,-0.7002582550048828,3.4403064250946045,-0.6870546936988831,2.9266934394836426,177.7818145751953,189.3373565673828,198.5576934814453
246,0.03461170196533203,-0.7003324031829834,3.4395952224731445,-0.6878447532653809,2.9280989170074463,177.8058319091797,189.33802795410156,198.5735626220703
247,0.03498649597167969,-0.7002585530281067,3.440770387649536,-0.6905920505523682,2.929858922958374,177.83230590820312,189.3318634033203,198.57125854492188
248,0.034960269927978516,-0.7003079056739807,3.4395925998687744,-0.6913809776306152,2.929506301879883,177.8323211669922,189.3773956298828,198.5376434326172
249,0.03428530693054199,-0.70027095079422,3.436508893966675,-0.6891879439353943,2.9263508319854736,177.85450744628906,189.4088134765625,198.50982666015625
250,0.034874916076660156,-0.7003611922264099,3.438253879547119,-0.6890479326248169,2.927732229232788,177.9001922607422,189.41380310058594,198.51112365722656
251,0.035051822662353516,-0.7003787755966187,3.438035011291504,-0.6917306780815125,2.92905592918396,177.91102600097656,189.4009552001953,198.5048828125
252,0.034387826919555664,-0.7003268003463745,3.4363536834716797,-0.6871708035469055,2.927377462387085,177.94781494140625,189.41807556152344,198.4880828857422
253,0.034924983978271484,-0.700424313545227,3.437551259994507,-0.6897334456443787,2.928293228149414,177.97332763671875,189.419677734375,198.49822998046875
254,0.03508591651916504,-0.700294017791748,3.440370798110962,-0.6912843585014343,2.931320905685425,178.00123596191406,189.43667602539062,198.4818878173828
255,0.03434276580810547,-0.7003733515739441,3.4373011589050293,-0.690804123878479,2.9277639389038086,177.9790496826172,189.5133514404297,198.48658752441406
256,0.03486275672912598,-0.7003876566886902,3.4392380714416504,-0.6894022822380066,2.928074359893799,177.9859619140625,189.50656127929688,198.48007202148438
257,0.03493452072143555,-0.70037442445755,3.43743896484375,-0.6910359263420105,2.9273457527160645,178.0009307861328,189.46115112304688,198.47909545898438
258,0.03441452980041504,-0.7003522515296936,3.440253496170044,-0.6894543170928955,2.929149866104126,178.00152587890625,189.42613220214844,198.4781951904297
259,0.035239219665527344,-0.7003899216651917,3.4367988109588623,-0.6911024451255798,2.92830491065979,178.01133728027344,189.4396514892578,198.45211791992188
260,0.03444218635559082,-0.700405478477478,3.438850164413452,-0.6905314922332764,2.9292006492614746,178.02249145507812,189.46340942382812,198.4074249267578
261,0.03573012351989746,-0.7003302574157715,3.437570571899414,-0.6894382238388062,2.9256649017333984,178.0287628173828,189.49810791015625,198.41091918945312
262,0.03400230407714844,-0.7004048824310303,3.439218282699585,-0.6892762184143066,2.9273295402526855,178.0574493408203,189.50750732421875,198.42779541015625
263,0.03486132621765137,-0.7003462314605713,3.436462163925171,-0.6920285820960999,2.928095579147339,178.0684814453125,189.45761108398438,198.42225646972656
264,0.0349273681640625,-0.70038241147995,3.4390389919281006,-0.6895838379859924,2.9299237728118896,178.08059692382812,189.44049072265625,198.41180419921875
265,0.03422093391418457,-0.7004122138023376,3.4388787746429443,-0.6904041767120361,2.929027557373047,178.09266662597656,189.4286651611328,198.4120635986328
266,0.03477144241333008,-0.7004409432411194,3.4377691745758057,-0.6906495690345764,2.9276113510131836,178.0848846435547,189.3961181640625,198.40982055664062
267,0.03583478927612305,-0.7004392147064209,3.4388458728790283,-0.6896360516548157,2.928741455078125,178.0944061279297,189.40721130371094,198.40162658691406
268,0.03509521484375,-0.7002458572387695,3.437636613845825,-0.6873014569282532,2.9228134155273438,178.10202026367188,189.4476776123047,198.41195678710938
269,0.034515380859375,-0.7003425359725952,3.4387400150299072,-0.6859169602394104,2.92568302154541,178.11077880859375,189.4593048095703,198.45640563964844
270,0.03478240966796875,-0.7004311084747314,3.4404921531677246,-0.6877581477165222,2.9245481491088867,178.14154052734375,189.48069763183594,198.49021911621094
271,0.03484988212585449,-0.700425386428833,3.4403297901153564,-0.688922643661499,2.9263436794281006,178.15017700195312,189.51773071289062,198.47640991210938
272,0.034392356872558594,-0.7002968788146973,3.438479423522949,-0.687239408493042,2.922504186630249,178.16534423828125,189.58367919921875,198.4725799560547
273,0.03499770164489746,-0.7004616856575012,3.4406232833862305,-0.6882417798042297,2.9238579273223877,178.20755004882812,189.58682250976562,198.4869842529297
274,0.03538966178894043,-0.7001914978027344,3.4442334175109863,-0.685914933681488,2.9257240295410156,178.22091674804688,189.64866638183594,198.4821319580078
275,0.03506112098693848,-0.7004243731498718,3.437952995300293,-0.6899166703224182,2.926630735397339,178.1860809326172,189.61605834960938,198.48960876464844
276,0.035698652267456055,-0.7003048062324524,3.4403574466705322,-0.6870744228363037,2.928668260574341,178.20338439941406,189.62709045410156,198.4903564453125
277,0.03530406951904297,-0.7003893256187439,3.439629554748535,-0.6905055642127991,2.924443483352661,178.19625854492188,189.63340759277344,198.46485900878906
278,0.03462386131286621,-0.700486421585083,3.440932035446167,-0.6879777312278748,2.9262046813964844,178.20773315429688,189.6507568359375,198.4671630859375
279,0.03491663932800293,-0.7004979252815247,3.4400291442871094,-0.6879782676696777,2.9252288341522217,178.203125,189.6324920654297,198.48471069335938
280,0.03494381904602051,-0.7004327774047852,3.4405200481414795,-0.6892843842506409,2.926738739013672,178.2032928466797,189.61788940429688,198.48863220214844
281,0.03440523147583008,-0.7003487348556519,3.439012289047241,-0.6883317232131958,2.922574996948242,178.1925048828125,189.66664123535156,198.4842987060547
282,0.035248756408691406,-0.7003673315048218,3.4416160583496094,-0.6857660412788391,2.924572467803955,178.21986389160156,189.69143676757812,198.5159149169922
283,0.03392791748046875,-0.7004215121269226,3.4409449100494385,-0.6881837844848633,2.923055410385132,178.2194061279297,189.6765594482422,198.53094482421875
284,0.034576416015625,-0.7003973722457886,3.4417340755462646,-0.6864478588104248,2.922426462173462,178.22869873046875,189.69981384277344,198.52395629882812
285,0.03454947471618652,-0.7003764510154724,3.4422898292541504,-0.6860411167144775,2.9193897247314453,178.231689453125,189.75588989257812,198.53895568847656
286,0.03454279899597168,-0.7003878951072693,3.4404964447021484,-0.6876873970031738,2.919313907623291,178.225341796875,189.7430419921875,198.566162109375
287,0.03487682342529297,-0.700356662273407,3.443317174911499,-0.6852403283119202,2.9210565090179443,178.2401580810547,189.80416870117188,198.57269287109375
288,0.03492403030395508,-0.700405478477478,3.4407975673675537,-0.6890575289726257,2.922919750213623,178.2212677001953,189.81060791015625,198.5780487060547
289,0.03441286087036133,-0.700377345085144,3.439876079559326,-0.6850976943969727,2.9210119247436523,178.24888610839844,189.83294677734375,198.57928466796875
290,0.03505086898803711,-0.7004364728927612,3.4393112659454346,-0.6865786910057068,2.9223103523254395,178.26121520996094,189.80201721191406,198.5891571044922
291,0.03426027297973633,-0.7004599571228027,3.4402015209198,-0.6881575584411621,2.9207842350006104,178.27174377441406,189.8086395263672,198.61607360839844
292,0.03587484359741211,-0.7004022002220154,3.442711114883423,-0.6857616305351257,2.9213051795959473,178.2949981689453,189.83192443847656,198.6087188720703
293,0.03416705131530762,-0.7002938985824585,3.4423410892486572,-0.6896872520446777,2.9268312454223633,178.28271484375,189.7801971435547,198.61309814453125
294,0.034514665603637695,-0.7003329396247864,3.437572956085205,-0.687317430973053,2.9234015941619873,178.25831604003906,189.77706909179688,198.60202026367188
295,0.034958839416503906,-0.7003507018089294,3.4381368160247803,-0.6886119842529297,2.9230406284332275,178.2647247314453,189.75599670410156,198.6062469482422
296,0.034363508224487305,-0.7003408074378967,3.4397215843200684,-0.6850420236587524,2.924111843109131,178.29881286621094,189.76148986816406,198.5990753173828
297,0.03588747978210449,-0.7003979086875916,3.439702033996582,-0.6844054460525513,2.9227874279022217,178.298583984375,189.752197265625,198.61746215820312
298,0.0345759391784668,-0.7004648447036743,3.439950704574585,-0.6867916584014893,2.921480417251587,178.3123779296875,189.78955078125,198.65792846679688
299,0.035627126693725586,-0.7003446221351624,3.441255569458008,-0.689940333366394,2.9241223335266113,178.3075714111328,189.77365112304688,198.6651611328125
300,0.03484225273132324,-0.700394332408905,3.4396326541900635,-0.6908653378486633,2.926522731781006,178.37744140625,189.71694946289062,198.655029296875
301,0.0348820686340332,-0.7003556489944458,3.4379310607910156,-0.6871426701545715,2.9232065677642822,178.3685760498047,189.68353271484375,198.6365509033203
302,0.03457283973693848,-0.7003716826438904,3.438502073287964,-0.6880228519439697,2.9222660064697266,178.3844451904297,189.68359375,198.6370849609375
303,0.035559892654418945,-0.700407087802887,3.4410367012023926,-0.6879457235336304,2.92399263381958,178.37701416015625,189.71595764160156,198.63677978515625
304,0.03409171104431152,-0.7002237439155579,3.4431660175323486,-0.6885570883750916,2.925933599472046,178.35809326171875,189.6624755859375,198.62718200683594
305,0.03486895561218262,-0.7004300355911255,3.4379093647003174,-0.6877312064170837,2.9239516258239746,178.3220672607422,189.66375732421875,198.60787963867188
306,0.03518557548522949,-0.7003862857818604,3.4355223178863525,-0.6896432638168335,2.926100492477417,178.32998657226562,189.60301208496094,198.6150665283203
307,0.03457903861999512,-0.7004114389419556,3.435274600982666,-0.6876429915428162,2.926851511001587,178.32778930664062,189.58651733398438,198.58615112304688
308,0.03519487380981445,-0.7004210948944092,3.435195207595825,-0.6870751976966858,2.925111770629883,178.339111328125,189.6037139892578,198.58778381347656
309,0.034517765045166016,-0.7004443407058716,3.4332528114318848,-0.6885930895805359,2.9267265796661377,178.3601531982422,189.61227416992188,198.57298278808594
310,0.035701751708984375,-0.7003371715545654,3.432168960571289,-0.6871852874755859,2.9234373569488525,178.37600708007812,189.64749145507812,198.57261657714844
311,0.034104347229003906,-0.7004548907279968,3.4345996379852295,-0.6861650943756104,2.9271581172943115,178.44020080566406,189.66305541992188,198.58999633789062
312,0.03495621681213379,-0.7004734873771667,3.4337172508239746,-0.6888039708137512,2.926335096359253,178.46388244628906,189.68939208984375,198.59295654296875
313,0.0349116325378418,-0.7004503011703491,3.4306440353393555,-0.686987042427063,2.9241414070129395,178.46690368652344,189.73373413085938,198.57762145996094
314,0.03444719314575195,-0.7006403207778931,3.42930006980896,-0.6877104043960571,2.9276695251464844,178.51541137695312,189.7554168701172,198.6227569580078
315,0.03520679473876953,-0.7006127238273621,3.427083730697632,-0.6873371601104736,2.9272780418395996,178.54238891601562,189.7836151123047,198.6457977294922
316,0.03478598594665527,-0.7008369565010071,3.4249284267425537,-0.6884360909461975,2.9328131675720215,178.5787811279297,189.82305908203125,198.66238403320312
317,0.034333229064941406,-0.700707197189331,3.4276976585388184,-0.6868311762809753,2.933554172515869,178.58901977539062,189.87033081054688,198.6539764404297
318,0.03523683547973633,-0.7005324363708496,3.4230127334594727,-0.6914330720901489,2.9392685890197754,178.57774353027344,189.7588653564453,198.64878845214844
319,0.03455758094787598,-0.7007479071617126,3.4225566387176514,-0.6864157915115356,2.9368979930877686,178.58607482910156,189.75343322753906,198.62892150878906
320,0.0353398323059082,-0.7007796168327332,3.4237091541290283,-0.6878662109375,2.9318394660949707,178.5995635986328,189.8699951171875,198.61123657226562
321,0.0343317985534668,-0.7003863453865051,3.423095703125,-0.6908930540084839,2.9419901371002197,178.62168884277344,189.7424774169922,198.60519409179688
322,0.03510594367980957,-0.7006727457046509,3.42404842376709,-0.6883172392845154,2.9389631748199463,178.61505126953125,189.74798583984375,198.58477783203125
323,0.034979820251464844,-0.7007989883422852,3.4231228828430176,-0.6873710751533508,2.933598041534424,178.61325073242188,189.82054138183594,198.56785583496094
324,0.0353085994720459,-0.7008800506591797,3.425529718399048,-0.6892860531806946,2.934964895248413,178.6247100830078,189.881591796875,198.5546112060547
325,0.0344390869140625,-0.7007633447647095,3.4228553771972656,-0.6905754208564758,2.936448097229004,178.61228942871094,189.85887145996094,198.53414916992188
326,0.034880638122558594,-0.7008398175239563,3.424025774002075,-0.6865170001983643,2.9347214698791504,178.61180114746094,189.92710876464844,198.52981567382812
327,0.03504467010498047,-0.7009012699127197,3.422975778579712,-0.688625693321228,2.9361562728881836,178.64581298828125,189.9118194580078,198.52581787109375
328,0.03452730178833008,-0.7008976340293884,3.422478675842285,-0.6890951991081238,2.9354002475738525,178.65516662597656,189.9724884033203,198.5067596435547
329,0.0348973274230957,-0.7008872032165527,3.4223246574401855,-0.6893807053565979,2.937082052230835,178.6556854248047,189.97262573242188,198.4956817626953
330,0.03484487533569336,-0.7008557915687561,3.4232089519500732,-0.6875836849212646,2.9344961643218994,178.6608123779297,190.04244995117188,198.4944610595703
331,0.034268856048583984,-0.7007467150688171,3.42289400100708,-0.6914159655570984,2.938201427459717,178.66697692871094,189.99684143066406,198.481201171875
332,0.0349729061126709,-0.7008793950080872,3.4243123531341553,-0.687883734703064,2.935143232345581,178.6606903076172,190.0443572998047,198.4597625732422
333,0.03503894805908203,-0.7007768750190735,3.4265530109405518,-0.6905316114425659,2.936392068862915,178.648681640625,189.99856567382812,198.4560089111328
334,0.03553438186645508,-0.7009164690971375,3.4231836795806885,-0.6892370581626892,2.936271905899048,178.63507080078125,189.98281860351562,198.4497833251953
335,0.03422880172729492,-0.7009177207946777,3.422738552093506,-0.6892942190170288,2.9363746643066406,178.63279724121094,189.97540283203125,198.4536895751953
336,0.03513526916503906,-0.7008246183395386,3.4211440086364746,-0.6875264644622803,2.935051918029785,178.64109802246094,189.9781036376953,198.43995666503906
337,0.034793853759765625,-0.700919508934021,3.422323226928711,-0.6884965300559998,2.9369006156921387,178.65744018554688,189.98045349121094,198.4521484375
338,0.034398555755615234,-0.7008971571922302,3.422227382659912,-0.6883686780929565,2.935818910598755,178.6591033935547,189.9952392578125,198.45094299316406
339,0.03545570373535156,-0.7007627487182617,3.419422149658203,-0.6911402344703674,2.9389443397521973,178.67581176757812,189.93190002441406,198.44874572753906
340,0.03409981727600098,-0.7006511688232422,3.415635108947754,-0.6898055672645569,2.941265344619751,178.6750030517578,189.89112854003906,198.4454345703125
341,0.03575491905212402,-0.7007980942726135,3.4193496704101562,-0.6889501810073853,2.939746379852295,178.7034912109375,189.9671630859375,198.43409729003906
342,0.03417205810546875,-0.6999773979187012,3.4217770099639893,-0.6820247173309326,2.9155566692352295,178.73707580566406,190.272705078125,198.43316650390625
343,0.034956932067871094,-0.7001969218254089,3.4235846996307373,-0.6876065731048584,2.9187262058258057,178.84616088867188,190.2596435546875,198.4897918701172
344,0.03515172004699707,-0.700501561164856,3.426598310470581,-0.6851239204406738,2.9235000610351562,178.8668975830078,190.3145751953125,198.49325561523438
345,0.03435254096984863,-0.7006210684776306,3.4261937141418457,-0.6877508759498596,2.927543878555298,178.88047790527344,190.29742431640625,198.52069091796875
346,0.03497624397277832,-0.7005274891853333,3.424163818359375,-0.6875130534172058,2.924372673034668,178.8597869873047,190.32708740234375,198.5335693359375
347,0.03473687171936035,-0.7006450891494751,3.4264729022979736,-0.6860235929489136,2.9267475605010986,178.87271118164062,190.39413452148438,198.54006958007812
348,0.034464120864868164,-0.7006124258041382,3.4256858825683594,-0.6885031461715698,2.9265403747558594,178.88018798828125,190.35488891601562,198.55694580078125
349,0.0352025032043457,-0.7005785703659058,3.4269118309020996,-0.6878080368041992,2.9282097816467285,178.8687286376953,190.33328247070312,198.5641632080078
350,0.034212589263916016,-0.7006274461746216,3.4256603717803955,-0.6877928376197815,2.9251301288604736,178.84422302246094,190.36622619628906,198.553955078125
351,0.035681962966918945,-0.7006030082702637,3.4284448623657227,-0.6861125230789185,2.9249134063720703,178.84130859375,190.4016876220703,198.5817413330078
352,0.03491997718811035,-0.7006436586380005,3.4271345138549805,-0.6871778964996338,2.926654577255249,178.84861755371094,190.37469482421875,198.59170532226562
353,0.03521442413330078,-0.7005779147148132,3.4253451824188232,-0.6887887120246887,2.92561411857605,178.83172607421875,190.357421875,198.60650634765625
354,0.03453850746154785,-0.7005748152732849,3.426520347595215,-0.6867875456809998,2.9291951656341553,178.83302307128906,190.33102416992188,198.5944366455078
355,0.03566408157348633,-0.7006005644798279,3.4250783920288086,-0.687164843082428,2.9300460815429688,178.8236541748047,190.29322814941406,198.60165405273438
356,0.034340620040893555,-0.7006747722625732,3.423776388168335,-0.6873215436935425,2.9300010204315186,178.8112030029297,190.27606201171875,198.5792694091797
357,0.03515315055847168,-0.7007240056991577,3.4220147132873535,-0.6893875598907471,2.9338629245758057,178.81683349609375,190.20616149902344,198.5702667236328
358,0.034766197204589844,-0.7007984519004822,3.4218122959136963,-0.6884908676147461,2.9354944229125977,178.80075073242188,190.20701599121094,198.54977416992188
359,0.03434038162231445,-0.7004782557487488,3.420358896255493,-0.6908479332923889,2.9440364837646484,178.78594970703125,190.05995178222656,198.53208923339844
360,0.03484845161437988,-0.7008500695228577,3.416639566421509,-0.6886796355247498,2.9379513263702393,178.7590789794922,190.1141815185547,198.52825927734375
361,0.034245967864990234,-0.7009075880050659,3.418334484100342,-0.6880302429199219,2.9385671615600586,178.7974853515625,190.0931854248047,198.50201416015625
362,0.035746097564697266,-0.7008669972419739,3.4194767475128174,-0.6863585710525513,2.9365975856781006,178.80592346191406,190.09217834472656,198.51736450195312
363,0.034174442291259766,-0.7007328271865845,3.413506269454956,-0.691024124622345,2.934835195541382,178.81454467773438,190.1442108154297,198.5181884765625
364,0.03534865379333496,-0.7008642554283142,3.4142637252807617,-0.6883788704872131,2.937511444091797,178.82742309570312,190.2288818359375,198.4977569580078
365,0.035552978515625,-0.7009086012840271,3.413282871246338,-0.6883809566497803,2.9363200664520264,178.84579467773438,190.31442260742188,198.48464965820312
366,0.03393816947937012,-0.7006163001060486,3.412954568862915,-0.6881633400917053,2.9309444427490234,178.87583923339844,190.36325073242188,198.49026489257812
367,0.03500509262084961,-0.7006597518920898,3.413092851638794,-0.6883924007415771,2.9313976764678955,178.9135284423828,190.3894805908203,198.5117645263672
368,0.034885406494140625,-0.7007254958152771,3.413090944290161,-0.6883017420768738,2.9316985607147217,178.94837951660156,190.46176147460938,198.52613830566406
369,0.03449702262878418,-0.7007017731666565,3.4110286235809326,-0.6892411708831787,2.9331698417663574,178.9729766845703,190.47401428222656,198.5244598388672
370,0.03455376625061035,-0.7007119655609131,3.4172439575195312,-0.6861175894737244,2.934110164642334,178.97413635253906,190.58998107910156,198.5090789794922
371,0.03493142127990723,-0.7006427645683289,3.4160149097442627,-0.6886107325553894,2.9294321537017822,178.97479248046875,190.6737518310547,198.5098114013672
372,0.034839630126953125,-0.7007319331169128,3.4161899089813232,-0.6863760352134705,2.9308218955993652,178.99392700195312,190.72547912597656,198.52090454101562
373,0.034439802169799805,-0.7007222771644592,3.415623188018799,-0.6884313225746155,2.9292051792144775,179.01229858398438,190.7933349609375,198.54525756835938
374,0.03502368927001953,-0.700588047504425,3.417543411254883,-0.684105396270752,2.9316389560699463,179.04705810546875,190.81207275390625,198.56430053710938
375,0.035161733627319336,-0.7007296681404114,3.4157540798187256,-0.6892725825309753,2.929511308670044,179.04188537597656,190.864990234375,198.6029510498047
376,0.0342254638671875,-0.7008043527603149,3.417149543762207,-0.6870261430740356,2.931560754776001,179.0439453125,190.88995361328125,198.58123779296875
377,0.03512430191040039,-0.7007397413253784,3.4168245792388916,-0.6850973963737488,2.9300107955932617,179.04397583007812,190.87716674804688,198.5996856689453
378,0.03490328788757324,-0.7008248567581177,3.4151031970977783,-0.6875565052032471,2.9300365447998047,179.0503692626953,190.8828887939453,198.6346435546875
379,0.03418612480163574,-0.7007163166999817,3.4142284393310547,-0.6845409870147705,2.932741165161133,179.0343475341797,190.90147399902344,198.63592529296875
380,0.03513979911804199,-0.7008123993873596,3.414175033569336,-0.6851641535758972,2.9302144050598145,179.0413818359375,190.94656372070312,198.69081115722656
381,0.0349733829498291,-0.7007775902748108,3.414815902709961,-0.6885776519775391,2.9304451942443848,179.0250244140625,190.97885131835938,198.7040557861328
382,0.034488677978515625,-0.700757622718811,3.416646957397461,-0.6848069429397583,2.9312617778778076,179.03353881835938,190.99322509765625,198.6839141845703
383,0.03452706336975098,-0.7008752822875977,3.413987398147583,-0.6862838268280029,2.928791046142578,179.03196716308594,191.03506469726562,198.70899963378906
384,0.03497576713562012,-0.7008513808250427,3.414994955062866,-0.6870896816253662,2.931549072265625,179.0389862060547,191.02749633789062,198.7168426513672
385,0.034914255142211914,-0.7007615566253662,3.4151451587677,-0.6848587393760681,2.9332046508789062,179.06260681152344,191.00125122070312,198.70932006835938
386,0.03436899185180664,-0.7007096409797668,3.4127390384674072,-0.6883094906806946,2.9285850524902344,179.04962158203125,191.04319763183594,198.7456817626953
387,0.034654855728149414,-0.700822651386261,3.4142959117889404,-0.6840460896492004,2.9294421672821045,179.0393524169922,191.10256958007812,198.7322540283203
388,0.03489398956298828,-0.7003545761108398,3.4144480228424072,-0.6922617554664612,2.9474878311157227,179.04806518554688,190.76776123046875,198.7489471435547
389,0.03460288047790527,-0.7002725601196289,3.410506010055542,-0.6930528283119202,2.9487380981445312,179.0333251953125,190.6817169189453,198.69613647460938
390,0.0346066951751709,-0.700433075428009,3.411561965942383,-0.6901180744171143,2.949502944946289,179.02798461914062,190.6747283935547,198.6288604736328
391,0.03500866889953613,-0.7005195021629333,3.4134364128112793,-0.6918833255767822,2.946683406829834,178.98036193847656,190.66709899902344,198.59893798828125
392,0.03457498550415039,-0.7007552981376648,3.413728952407837,-0.6871749758720398,2.9426004886627197,178.9873046875,190.75088500976562,198.57388305664062
393,0.034711360931396484,-0.7006281018257141,3.4107916355133057,-0.691308856010437,2.944582939147949,178.96812438964844,190.6403350830078,198.5816650390625
394,0.03501701354980469,-0.700893223285675,3.4110584259033203,-0.6888108253479004,2.94205379486084,178.95372009277344,190.5996551513672,198.56283569335938
395,0.03463625907897949,-0.7009636163711548,3.410496950149536,-0.6877972483634949,2.939020872116089,178.93423461914062,190.5979766845703,198.5535888671875
396,0.03519153594970703,-0.7005066275596619,3.4094669818878174,-0.6905843615531921,2.9474401473999023,178.95118713378906,190.4345703125,198.55609130859375
397,0.034806251525878906,-0.700747549533844,3.4108614921569824,-0.685801088809967,2.943464756011963,178.95809936523438,190.44569396972656,198.53990173339844
398,0.03538680076599121,-0.7009019255638123,3.4081547260284424,-0.6891326308250427,2.9371979236602783,178.9517059326172,190.4464569091797,198.5535430908203
399,0.03413105010986328,-0.7007852792739868,3.4047131538391113,-0.6898709535598755,2.938474655151367,178.95816040039062,190.47897338867188,198.5441131591797
400,0.03503727912902832,-0.7009521722793579,3.4092061519622803,-0.6871253848075867,2.940997838973999,178.9908447265625,190.52987670898438,198.5177459716797
401,0.03500485420227051,-0.7010039687156677,3.40838885307312,-0.6882261037826538,2.9401662349700928,178.98440551757812,190.5122528076172,198.49513244628906
402,0.034533023834228516,-0.7009463310241699,3.4070942401885986,-0.6881570816040039,2.939042091369629,179.00350952148438,190.56573486328125,198.50550842285156
403,0.03487443923950195,-0.7010118961334229,3.408372163772583,-0.6877848505973816,2.93971586227417,179.0109100341797,190.56118774414062,198.5087432861328
404,0.034894704818725586,-0.700484573841095,3.4131362438201904,-0.692042887210846,2.9464058876037598,179.0230712890625,190.46763610839844,198.49534606933594
405,0.03438973426818848,-0.7008875608444214,3.410465955734253,-0.6889316439628601,2.942878246307373,179.02392578125,190.51052856445312,198.4328155517578
406,0.035003662109375,-0.7009177803993225,3.409252166748047,-0.6896359920501709,2.941472053527832,179.00929260253906,190.4818878173828,198.41552734375
407,0.03419995307922363,-0.7007753849029541,3.409986972808838,-0.6861758232116699,2.938014030456543,179.02005004882812,190.5501708984375,198.40023803710938
408,0.035665035247802734,-0.700522243976593,3.4097375869750977,-0.6917291283607483,2.946322441101074,179.03033447265625,190.423583984375,198.4426727294922
409,0.03456759452819824,-0.7007016539573669,3.4124016761779785,-0.6886919140815735,2.9451358318328857,179.03468322753906,190.4111785888672,198.41741943359375
410,0.035074710845947266,-0.7009678483009338,3.409893035888672,-0.6887161731719971,2.9380054473876953,178.98171997070312,190.49066162109375,198.42259216308594
411,0.03425145149230957,-0.7005933523178101,3.414755344390869,-0.6888319253921509,2.9461843967437744,178.98802185058594,190.476318359375,198.4146728515625
412,0.034781455993652344,-0.7009784579277039,3.412876844406128,-0.6905372142791748,2.939011812210083,178.9375457763672,190.5186767578125,198.4145050048828
413,0.034990549087524414,-0.7008294463157654,3.412339210510254,-0.688959002494812,2.9359588623046875,178.95098876953125,190.5333709716797,198.4195556640625
414,0.034834861755371094,-0.7008729577064514,3.4149062633514404,-0.687570333480835,2.9355738162994385,178.95372009277344,190.5885772705078,198.42333984375
415,0.03429055213928223,-0.7008640170097351,3.4129319190979004,-0.6891437768936157,2.935248851776123,178.96299743652344,190.5548858642578,198.4377899169922
416,0.03510761260986328,-0.7009453773498535,3.414844274520874,-0.6879823207855225,2.9389703273773193,178.9608612060547,190.53585815429688,198.44320678710938
417,0.034822702407836914,-0.7008073329925537,3.412243127822876,-0.6894899010658264,2.9358747005462646,178.94984436035156,190.54550170898438,198.4472198486328
418,0.0345461368560791,-0.7008073329925537,3.4142701625823975,-0.6865689754486084,2.9376375675201416,178.94911193847656,190.58078002929688,198.43917846679688
419,0.03455853462219238,-0.7008686065673828,3.413872241973877,-0.6881292462348938,2.9340667724609375,178.94586181640625,190.62413024902344,198.45880126953125
420,0.034898996353149414,-0.7008094787597656,3.412086248397827,-0.6899718046188354,2.936225652694702,178.96804809570312,190.62257385253906,198.4696044921875
421,0.03434920310974121,-0.7008437514305115,3.412639856338501,-0.689631998538971,2.934803009033203,178.97433471679688,190.6572265625,198.45509338378906
422,0.034976959228515625,-0.7008804678916931,3.4144132137298584,-0.6880980134010315,2.936525821685791,178.99349975585938,190.67111206054688,198.45236206054688
423,0.03509521484375,-0.7008941173553467,3.4118382930755615,-0.6874379515647888,2.936532735824585,178.98927307128906,190.650634765625,198.45767211914062
424,0.035401344299316406,-0.7009055614471436,3.4134979248046875,-0.6909657120704651,2.9383902549743652,178.98370361328125,190.62033081054688,198.45785522460938
425,0.0343172550201416,-0.7004472613334656,3.410728931427002,-0.6933159828186035,2.9458796977996826,178.9728546142578,190.4595489501953,198.4344024658203
426,0.034995079040527344,-0.7006926536560059,3.4132964611053467,-0.6896246075630188,2.945390462875366,178.97506713867188,190.47073364257812,198.38636779785156
427,0.03546881675720215,-0.7009444236755371,3.4108123779296875,-0.6890918612480164,2.9416310787200928,178.95025634765625,190.52630615234375,198.39212036132812
428,0.03468203544616699,-0.7009785175323486,3.4093234539031982,-0.6890556812286377,2.9411685466766357,178.955322265625,190.4746551513672,198.3887176513672
429,0.03449702262878418,-0.7009607553482056,3.4109842777252197,-0.6873889565467834,2.938213586807251,178.96302795410156,190.5099639892578,198.40252685546875
430,0.034856557846069336,-0.7008422613143921,3.4129538536071777,-0.6909890174865723,2.9414117336273193,178.97650146484375,190.49771118164062,198.42294311523438
431,0.03491616249084473,-0.7009747624397278,3.411655902862549,-0.6880523562431335,2.9406111240386963,178.9824981689453,190.51417541503906,198.42987060546875
432,0.03428459167480469,-0.7008211016654968,3.411527395248413,-0.6882535219192505,2.9368152618408203,178.9749298095703,190.5298309326172,198.43287658691406
433,0.03474903106689453,-0.7010101675987244,3.4125068187713623,-0.6894714832305908,2.9394800662994385,178.9932403564453,190.53518676757812,198.4096221923828
434,0.035208702087402344,-0.7008225321769714,3.4108903408050537,-0.6873835325241089,2.9358248710632324,178.99484252929688,190.5810089111328,198.40443420410156
435,0.034406185150146484,-0.7008679509162903,3.412247896194458,-0.6889180541038513,2.936135768890381,179.01144409179688,190.6121826171875,198.42205810546875
436,0.03495192527770996,-0.7009165287017822,3.4131574630737305,-0.6875666379928589,2.9360105991363525,179.02154541015625,190.5911102294922,198.43467712402344
437,0.035027503967285156,-0.7008132338523865,3.4157495498657227,-0.689384400844574,2.9379782676696777,179.03053283691406,190.63946533203125,198.44029235839844
438,0.03430438041687012,-0.7009236216545105,3.413841962814331,-0.6887679696083069,2.9410240650177,179.0324249267578,190.6143035888672,198.39495849609375
439,0.0345914363861084,-0.7007988095283508,3.411043167114258,-0.6896153092384338,2.9352729320526123,179.01121520996094,190.65184020996094,198.39173889160156
440,0.03490495681762695,-0.7008938789367676,3.4119536876678467,-0.6879376173019409,2.936955451965332,179.01824951171875,190.63356018066406,198.3982391357422
441,0.034497976303100586,-0.7007973194122314,3.4117918014526367,-0.6882120370864868,2.9340133666992188,179.02122497558594,190.69505310058594,198.39500427246094
442,0.03473019599914551,-0.7008386254310608,3.4147942066192627,-0.6874465942382812,2.934115409851074,179.00445556640625,190.7125244140625,198.4007568359375
443,0.03530740737915039,-0.7003114223480225,3.407411813735962,-0.6954034566879272,2.9459590911865234,179.0169219970703,190.5328369140625,198.41990661621094
444,0.0342254638671875,-0.7006993293762207,3.4058215618133545,-0.6929211020469666,2.9424190521240234,179.00473022460938,190.50579833984375,198.37759399414062
445,0.03444981575012207,-0.7008140683174133,3.4060888290405273,-0.6913222670555115,2.942077159881592,178.99984741210938,190.50534057617188,198.33401489257812
446,0.03507065773010254,-0.7009461522102356,3.407792091369629,-0.6892469525337219,2.9420206546783447,179.0115966796875,190.54954528808594,198.32943725585938
447,0.03491926193237305,-0.7009279727935791,3.4084415435791016,-0.6871545910835266,2.9410550594329834,179.02391052246094,190.55299377441406,198.33596801757812
448,0.03445005416870117,-0.7006617784500122,3.4035606384277344,-0.6920347809791565,2.9386239051818848,179.02830505371094,190.62709045410156,198.34085083007812
449,0.03543281555175781,-0.7008867859840393,3.4062376022338867,-0.6906059384346008,2.9396471977233887,179.04676818847656,190.6506805419922,198.32662963867188
450,0.03449106216430664,-0.7007080912590027,3.407491445541382,-0.6861262321472168,2.938450336456299,179.050048828125,190.65879821777344,198.32313537597656
451,0.03441143035888672,-0.7007822394371033,3.4070887565612793,-0.6924237608909607,2.9404296875,179.04222106933594,190.61123657226562,198.362060546875
452,0.03547954559326172,-0.7008388638496399,3.40667462348938,-0.6880444884300232,2.93849778175354,179.0441131591797,190.6521453857422,198.34352111816406
453,0.03562116622924805,-0.7006539702415466,3.405952215194702,-0.6924588680267334,2.944589376449585,179.04998779296875,190.53273010253906,198.3732147216797
454,0.03483700752258301,-0.7008890509605408,3.4055330753326416,-0.6878204345703125,2.9405713081359863,179.04727172851562,190.5628662109375,198.37545776367188
455,0.03416180610656738,-0.7009305357933044,3.4060091972351074,-0.6897069811820984,2.9393444061279297,179.0730438232422,190.58497619628906,198.3956756591797
456,0.03505086898803711,-0.7006715536117554,3.405287265777588,-0.6862919330596924,2.9373862743377686,179.08856201171875,190.6102752685547,198.38360595703125
457,0.034961700439453125,-0.7008197903633118,3.4067771434783936,-0.6909612417221069,2.9437804222106934,179.108642578125,190.56094360351562,198.41539001464844
458,0.03531646728515625,-0.7008556127548218,3.4064159393310547,-0.6858682036399841,2.93953013420105,179.12107849121094,190.56109619140625,198.41725158691406
459,0.03432416915893555,-0.7008199691772461,3.408874273300171,-0.6894968152046204,2.9443180561065674,179.1283721923828,190.53872680664062,198.42953491210938
460,0.03479266166687012,-0.7008399963378906,3.4065182209014893,-0.6909074783325195,2.941713571548462,179.1003875732422,190.56809997558594,198.42738342285156
461,0.03548622131347656,-0.7009279131889343,3.407205104827881,-0.6891764998435974,2.942564010620117,179.10498046875,190.53347778320312,198.4356231689453
462,0.0349271297454834,-0.700765073299408,3.4091222286224365,-0.6893409490585327,2.9449472427368164,179.1032257080078,190.51260375976562,198.4266815185547
463,0.034583330154418945,-0.7009904384613037,3.4088170528411865,-0.6886324286460876,2.941133499145508,179.08319091796875,190.52001953125,198.41253662109375
464,0.03544044494628906,-0.7010051608085632,3.4078369140625,-0.6888217926025391,2.939847230911255,179.076171875,190.51785278320312,198.4263916015625
465,0.0356898307800293,-0.7009245157241821,3.4112422466278076,-0.6881979703903198,2.941373825073242,179.05735778808594,190.5262451171875,198.4351348876953
466,0.03513193130493164,-0.7009885907173157,3.410972833633423,-0.6893280744552612,2.9400556087493896,179.03005981445312,190.49130249023438,198.42877197265625
467,0.03413057327270508,-0.700794517993927,3.41102933883667,-0.6864299774169922,2.937451124191284,179.04388427734375,190.49168395996094,198.4158477783203
468,0.035063743591308594,-0.7009410858154297,3.4101030826568604,-0.6893301606178284,2.9376487731933594,179.04347229003906,190.48626708984375,198.4370880126953
469,0.03488922119140625,-0.7007991075515747,3.413416624069214,-0.6896086931228638,2.943704605102539,179.04908752441406,190.4033966064453,198.42291259765625
470,0.034357309341430664,-0.7009250521659851,3.411708354949951,-0.6899375319480896,2.940988302230835,179.01873779296875,190.42201232910156,198.41566467285156
471,0.03528738021850586,-0.7008138298988342,3.4105255603790283,-0.6861935257911682,2.937298059463501,179.02713012695312,190.44317626953125,198.42173767089844
472,0.03405261039733887,-0.7005437612533569,3.409557580947876,-0.6919786930084229,2.9450643062591553,179.03530883789062,190.2987060546875,198.4496307373047
473,0.035570383071899414,-0.7009785771369934,3.4112870693206787,-0.687659740447998,2.9393575191497803,179.03271484375,190.32196044921875,198.44956970214844
474,0.03430604934692383,-0.7010154128074646,3.411456823348999,-0.6892114281654358,2.9381909370422363,179.03846740722656,190.37820434570312,198.4676513671875
475,0.034664154052734375,-0.7008858919143677,3.4134857654571533,-0.6872044801712036,2.937889337539673,179.06112670898438,190.47308349609375,198.44821166992188
476,0.03521561622619629,-0.7002150416374207,3.4096813201904297,-0.6954666972160339,2.9460954666137695,179.0567626953125,190.31307983398438,198.458251953125
477,0.03441882133483887,-0.7008453011512756,3.4106266498565674,-0.685692548751831,2.939842700958252,179.03150939941406,190.33331298828125,198.42202758789062
478,0.03493452072143555,-0.7010338306427002,3.4109859466552734,-0.6884756684303284,2.9386022090911865,179.02517700195312,190.3818359375,198.46484375
479,0.0350337028503418,-0.7009605169296265,3.4136433601379395,-0.6874634027481079,2.9394407272338867,179.02711486816406,190.42213439941406,198.45614624023438
480,0.034229278564453125,-0.7009797692298889,3.41156268119812,-0.6905073523521423,2.9385826587677,179.0184326171875,190.42239379882812,198.4687957763672
481,0.03488659858703613,-0.700885534286499,3.4136619567871094,-0.6878014802932739,2.937269926071167,179.02024841308594,190.47219848632812,198.45716857910156
482,0.03516244888305664,-0.7004945874214172,3.4120078086853027,-0.6922330260276794,2.94614315032959,179.00418090820312,190.36447143554688,198.4431610107422
483,0.03450918197631836,-0.7008137702941895,3.4125959873199463,-0.6881788372993469,2.9435698986053467,178.9946746826172,190.39918518066406,198.42523193359375
484,0.035184383392333984,-0.7007741928100586,3.410158634185791,-0.6916033029556274,2.942643642425537,178.97470092773438,190.3878936767578,198.42416381835938
485,0.03442049026489258,-0.700985312461853,3.410649061203003,-0.6897257566452026,2.939708948135376,178.97174072265625,190.3907928466797,198.40806579589844
486,0.035636186599731445,-0.7009707689285278,3.4111404418945312,-0.6876319646835327,2.9405877590179443,178.99288940429688,190.4467315673828,198.39926147460938
487,0.03409719467163086,-0.7008985280990601,3.4097707271575928,-0.6909481287002563,2.9390439987182617,178.99000549316406,190.41905212402344,198.4135284423828
488,0.03491473197937012,-0.7009890675544739,3.4107751846313477,-0.6887975931167603,2.940964460372925,178.99728393554688,190.4051971435547,198.42030334472656
489,0.035306692123413086,-0.7008702158927917,3.409339666366577,-0.6882234811782837,2.9366981983184814,178.9960174560547,190.43252563476562,198.43946838378906
490,0.03435373306274414,-0.7009829878807068,3.4113378524780273,-0.6875975131988525,2.9405362606048584,179.00933837890625,190.41622924804688,198.45323181152344
491,0.03503990173339844,-0.7008715867996216,3.409804105758667,-0.6911364793777466,2.938678503036499,178.9947509765625,190.431396484375,198.45721435546875
492,0.034363746643066406,-0.700901985168457,3.4119157791137695,-0.6866528987884521,2.9408137798309326,179.01345825195312,190.4293212890625,198.45970153808594
493,0.03589010238647461,-0.7009175419807434,3.4097368717193604,-0.6909219622612,2.9393973350524902,179.01071166992188,190.414794921875,198.4771270751953
494,0.0348055362701416,-0.7009615302085876,3.41231632232666,-0.6871801018714905,2.9402687549591064,179.0229949951172,190.45431518554688,198.47442626953125
495,0.03518867492675781,-0.7009115815162659,3.410463809967041,-0.688691258430481,2.9368484020233154,179.01661682128906,190.47373962402344,198.50802612304688
496,0.03461647033691406,-0.7006060481071472,3.411423444747925,-0.6902899146080017,2.9463412761688232,179.02194213867188,190.33743286132812,198.51194763183594
497,0.03520536422729492,-0.7009152770042419,3.411348819732666,-0.6889560222625732,2.9422500133514404,178.99594116210938,190.33938598632812,198.49452209472656
498,0.034432411193847656,-0.7010094523429871,3.4108798503875732,-0.6881688833236694,2.9389679431915283,178.98484802246094,190.36343383789062,198.50169372558594
499,0.03506350517272949,-0.701002299785614,3.412904739379883,-0.6886795163154602,2.9393391609191895,179.00161743164062,190.39808654785156,198.4943084716797
