itr,time,loss,theta,phi,gamma,bx,by,bz
0,0.01873016357421875,-0.576000452041626,3.5959889888763428,-0.9137898087501526,2.199915885925293,162.52354431152344,200.70997619628906,191.85658264160156
1,0.03471851348876953,-0.5811300873756409,3.59323787689209,-0.9272505640983582,2.1973795890808105,162.7568359375,200.6259307861328,192.1185760498047
2,0.03409862518310547,-0.5860251188278198,3.5956099033355713,-0.9421312808990479,2.198817491531372,162.9900360107422,200.59532165527344,192.36509704589844
3,0.03402304649353027,-0.5900227427482605,3.5954699516296387,-0.9514482617378235,2.196077823638916,163.30673217773438,200.46083068847656,192.58248901367188
4,0.03352952003479004,-0.5946846604347229,3.591007709503174,-0.9634043574333191,2.189847230911255,163.68531799316406,200.38381958007812,192.78155517578125
5,0.03361344337463379,-0.5988587141036987,3.5971293449401855,-0.9735798835754395,2.194429874420166,164.01170349121094,200.39695739746094,192.96636962890625
6,0.033765316009521484,-0.6019659638404846,3.601898193359375,-0.9809080362319946,2.197880268096924,164.3125,200.34027099609375,193.14697265625
7,0.03432869911193848,-0.6066018342971802,3.6026971340179443,-0.995708167552948,2.195446252822876,164.65298461914062,200.19747924804688,193.2928466796875
8,0.033651113510131836,-0.609217643737793,3.6021687984466553,-1.0076404809951782,2.195629119873047,164.91261291503906,200.04620361328125,193.3989715576172
9,0.033652544021606445,-0.610307514667511,3.6021573543548584,-1.0146836042404175,2.194882869720459,165.1724090576172,199.96072387695312,193.48912048339844
10,0.033820390701293945,-0.6110734343528748,3.593268632888794,-1.0153487920761108,2.188333034515381,165.37884521484375,199.88406372070312,193.55860900878906
11,0.03388667106628418,-0.6116268038749695,3.5914435386657715,-1.0119624137878418,2.187669277191162,165.55599975585938,199.81199645996094,193.6237335205078
12,0.033913612365722656,-0.6121119856834412,3.591106414794922,-1.012514591217041,2.1879029273986816,165.72398376464844,199.76490783691406,193.68653869628906
13,0.03331732749938965,-0.6127628684043884,3.588212251663208,-1.0082770586013794,2.1872024536132812,165.88259887695312,199.68118286132812,193.7488555908203
14,0.03324389457702637,-0.6133663654327393,3.5862677097320557,-1.0073466300964355,2.185796022415161,166.10260009765625,199.6454315185547,193.81834411621094
15,0.033599138259887695,-0.6141082644462585,3.5869665145874023,-1.0068914890289307,2.1857264041900635,166.31878662109375,199.53648376464844,193.875244140625
16,0.03369951248168945,-0.6143574118614197,3.5796616077423096,-1.005530595779419,2.1773202419281006,166.51806640625,199.38760375976562,193.9357452392578
17,0.03367877006530762,-0.6152431964874268,3.5848467350006104,-1.0038671493530273,2.185060977935791,166.62498474121094,199.36221313476562,194.01065063476562
18,0.03339886665344238,-0.6159479022026062,3.588494062423706,-1.001280426979065,2.1881954669952393,166.8279571533203,199.34292602539062,194.0717010498047
19,0.03437447547912598,-0.6166746020317078,3.5875957012176514,-0.9994262456893921,2.1886789798736572,167.01492309570312,199.2865753173828,194.1280975341797
20,0.03346848487854004,-0.6171432733535767,3.5859932899475098,-0.9949823021888733,2.186061143875122,167.185302734375,199.21875,194.18353271484375
21,0.03413748741149902,-0.617952287197113,3.590160369873047,-0.9951697587966919,2.1934263706207275,167.35462951660156,199.16680908203125,194.25607299804688
22,0.03345370292663574,-0.6184903979301453,3.591630458831787,-0.9983096122741699,2.1951394081115723,167.58213806152344,199.11058044433594,194.3226318359375
23,0.03357887268066406,-0.6191191673278809,3.5920727252960205,-0.9948152899742126,2.198889970779419,167.71636962890625,199.08592224121094,194.3775634765625
24,0.033800363540649414,-0.6199135184288025,3.586477279663086,-0.9903932213783264,2.1930482387542725,167.8922882080078,198.96690368652344,194.43646240234375
25,0.03362417221069336,-0.6180320382118225,3.5709543228149414,-0.9847776293754578,2.183537006378174,167.80296325683594,198.9374237060547,194.50064086914062
26,0.03348708152770996,-0.6199971437454224,3.576554775238037,-0.9865595698356628,2.1902971267700195,168.0713348388672,198.86497497558594,194.57408142089844
27,0.03351020812988281,-0.6214260458946228,3.579185962677002,-0.9925844073295593,2.195580244064331,168.34339904785156,198.7552947998047,194.63104248046875
28,0.03355693817138672,-0.621793270111084,3.5770630836486816,-0.9893516898155212,2.193849802017212,168.5155029296875,198.69793701171875,194.68997192382812
29,0.03382611274719238,-0.6228105425834656,3.5822014808654785,-0.9869480729103088,2.200416326522827,168.7073516845703,198.6399688720703,194.74757385253906
30,0.03391909599304199,-0.6233094930648804,3.5788493156433105,-0.9898684620857239,2.1997087001800537,168.8970184326172,198.53433227539062,194.7876739501953
31,0.03375124931335449,-0.6238943934440613,3.5779364109039307,-0.9890767931938171,2.20192551612854,169.0857696533203,198.44139099121094,194.82530212402344
32,0.03368782997131348,-0.6243197321891785,3.5774734020233154,-0.9889099597930908,2.2023603916168213,169.25399780273438,198.35122680664062,194.85829162597656
33,0.03338885307312012,-0.6133848428726196,3.5189578533172607,-0.9575594663619995,2.1650447845458984,168.48931884765625,198.2921600341797,194.88998413085938
34,0.03410482406616211,-0.6152673363685608,3.5196714401245117,-0.9632192850112915,2.1668429374694824,168.759765625,198.21932983398438,195.00482177734375
35,0.033754825592041016,-0.6169798374176025,3.5219268798828125,-0.9685108661651611,2.1684482097625732,169.0089111328125,198.18081665039062,195.10572814941406
36,0.03404402732849121,-0.6181697249412537,3.5238091945648193,-0.9724918007850647,2.1679983139038086,169.23666381835938,198.19378662109375,195.1875
37,0.03340268135070801,-0.620746910572052,3.531353235244751,-0.9743792414665222,2.176478862762451,169.49179077148438,198.1986846923828,195.2685546875
38,0.03422141075134277,-0.6220700740814209,3.5342016220092773,-0.9751774668693542,2.1785459518432617,169.69943237304688,198.14712524414062,195.3438262939453
39,0.03386116027832031,-0.6240480542182922,3.540278911590576,-0.9763200283050537,2.1856915950775146,169.87112426757812,198.09654235839844,195.4259490966797
40,0.033820390701293945,-0.6253322958946228,3.5440304279327393,-0.9822478890419006,2.190432548522949,170.09378051757812,198.04808044433594,195.4832763671875
41,0.03334999084472656,-0.6265772581100464,3.5481534004211426,-0.9792320728302002,2.195439100265503,170.2615203857422,197.98483276367188,195.52883911132812
42,0.03320813179016113,-0.6276983022689819,3.5525221824645996,-0.9814867973327637,2.2001898288726807,170.45501708984375,197.98361206054688,195.5774383544922
43,0.034075021743774414,-0.6287717819213867,3.556715726852417,-0.9728225469589233,2.2077009677886963,170.55113220214844,197.97113037109375,195.60845947265625
44,0.03340411186218262,-0.6300508975982666,3.562530994415283,-0.9651800394058228,2.2179408073425293,170.67868041992188,197.9149169921875,195.6624298095703
45,0.033345937728881836,-0.6312944293022156,3.5682532787323,-0.9676337242126465,2.220641851425171,170.95343017578125,197.84312438964844,195.72030639648438
46,0.03361392021179199,-0.6320506930351257,3.569356918334961,-0.9649317860603333,2.222471237182617,171.17572021484375,197.73497009277344,195.7525634765625
47,0.03366565704345703,-0.6326231360435486,3.567478895187378,-0.9622528553009033,2.2219645977020264,171.3607940673828,197.68743896484375,195.80538940429688
48,0.03402972221374512,-0.6335799098014832,3.570903778076172,-0.9664075374603271,2.226666212081909,171.58233642578125,197.59536743164062,195.85122680664062
49,0.033782958984375,-0.634283185005188,3.5713934898376465,-0.9694181680679321,2.2297451496124268,171.82508850097656,197.50833129882812,195.88485717773438
50,0.034035444259643555,-0.6347423791885376,3.566176414489746,-0.964949369430542,2.2287890911102295,171.9390106201172,197.4229736328125,195.90447998046875
51,0.0334315299987793,-0.6354970335960388,3.566974639892578,-0.9647058844566345,2.230053663253784,172.17156982421875,197.3984375,195.94871520996094
52,0.03346538543701172,-0.6365246772766113,3.5679595470428467,-0.9610118269920349,2.2336182594299316,172.38966369628906,197.37741088867188,195.9775848388672
53,0.03356027603149414,-0.6371025443077087,3.5610642433166504,-0.959204912185669,2.2284748554229736,172.6329345703125,197.2692413330078,196.01385498046875
54,0.033573150634765625,-0.6376567482948303,3.5613439083099365,-0.9543541073799133,2.230807304382324,172.77915954589844,197.24302673339844,196.04884338378906
55,0.03388547897338867,-0.6385543346405029,3.5618398189544678,-0.9576182961463928,2.232938528060913,173.03578186035156,197.16128540039062,196.0810089111328
56,0.03333425521850586,-0.6394373774528503,3.5620276927948,-0.9527706503868103,2.234562397003174,173.2442169189453,197.07382202148438,196.0973358154297
57,0.03348422050476074,-0.6403952836990356,3.5610110759735107,-0.9533745646476746,2.2374894618988037,173.46890258789062,197.008544921875,196.1432647705078
58,0.033512115478515625,-0.641170859336853,3.5617778301239014,-0.9520339369773865,2.2396605014801025,173.6678466796875,196.97328186035156,196.18128967285156
59,0.03377079963684082,-0.6417685151100159,3.563129186630249,-0.9469952583312988,2.2438294887542725,173.82421875,196.91506958007812,196.2176513671875
60,0.03397679328918457,-0.6422926783561707,3.5609588623046875,-0.9475982189178467,2.2430715560913086,173.9974365234375,196.86859130859375,196.24339294433594
61,0.0339200496673584,-0.6428169012069702,3.5604946613311768,-0.9464234709739685,2.24346661567688,174.19154357910156,196.8466033935547,196.26271057128906
62,0.03384995460510254,-0.6437392234802246,3.560901165008545,-0.9467800855636597,2.2472598552703857,174.4095916748047,196.8547821044922,196.29139709472656
63,0.0335230827331543,-0.6448664665222168,3.5617079734802246,-0.9478091597557068,2.2530362606048584,174.60694885253906,196.76808166503906,196.3267822265625
64,0.033510684967041016,-0.6456862688064575,3.562927007675171,-0.9451209902763367,2.256681203842163,174.8060760498047,196.70314025878906,196.33262634277344
65,0.03353548049926758,-0.6470200419425964,3.567126512527466,-0.9429302215576172,2.2630977630615234,175.0467529296875,196.625244140625,196.3423614501953
66,0.03408050537109375,-0.6480969190597534,3.5661745071411133,-0.942589282989502,2.2635552883148193,175.31402587890625,196.55369567871094,196.34933471679688
67,0.03403902053833008,-0.6493161916732788,3.566171407699585,-0.9426886439323425,2.2649121284484863,175.6243133544922,196.45895385742188,196.3520965576172
68,0.03387618064880371,-0.6503920555114746,3.5660762786865234,-0.9406406283378601,2.268336057662964,175.8563232421875,196.4313201904297,196.34596252441406
69,0.034116268157958984,-0.6517370939254761,3.565875291824341,-0.9384925961494446,2.2719292640686035,176.13656616210938,196.37474060058594,196.34506225585938
70,0.03383684158325195,-0.6531577110290527,3.5656635761260986,-0.9375206232070923,2.2768301963806152,176.41871643066406,196.31982421875,196.3401336669922
71,0.03411388397216797,-0.6544250845909119,3.563612461090088,-0.9329941868782043,2.27823805809021,176.66246032714844,196.2592010498047,196.32980346679688
72,0.03383755683898926,-0.655507504940033,3.5627520084381104,-0.9356701970100403,2.2829267978668213,176.93043518066406,196.11874389648438,196.32302856445312
73,0.03397417068481445,-0.6565827131271362,3.5587260723114014,-0.9319716691970825,2.281740427017212,177.1870574951172,196.08517456054688,196.3004150390625
74,0.03397822380065918,-0.6577792763710022,3.56083607673645,-0.9320464730262756,2.285966157913208,177.4960479736328,196.02935791015625,196.28578186035156
75,0.03403162956237793,-0.658962607383728,3.559772253036499,-0.9287623763084412,2.2888617515563965,177.72006225585938,196.00143432617188,196.26185607910156
76,0.03343963623046875,-0.660499095916748,3.5595481395721436,-0.9276431798934937,2.294498920440674,177.99122619628906,195.93252563476562,196.25656127929688
77,0.03381514549255371,-0.6619526743888855,3.5594615936279297,-0.9239800572395325,2.296959638595581,178.2902069091797,195.88478088378906,196.24203491210938
78,0.034178972244262695,-0.6629042625427246,3.5576999187469482,-0.9249541759490967,2.2994415760040283,178.53726196289062,195.81988525390625,196.2202911376953
79,0.03391075134277344,-0.6642236709594727,3.555689811706543,-0.9224583506584167,2.3013062477111816,178.8313446044922,195.7340850830078,196.20315551757812
80,0.03415822982788086,-0.6660961508750916,3.5592265129089355,-0.9179144501686096,2.3097193241119385,179.05157470703125,195.66363525390625,196.1896514892578
81,0.03409099578857422,-0.6671800017356873,3.5593912601470947,-0.9137272834777832,2.3128714561462402,179.28250122070312,195.63043212890625,196.19308471679688
82,0.03418374061584473,-0.668332040309906,3.5597341060638428,-0.9131923317909241,2.316347360610962,179.5389404296875,195.56739807128906,196.20254516601562
83,0.03461885452270508,-0.6694454550743103,3.5607857704162598,-0.9113100171089172,2.3211286067962646,179.79254150390625,195.51976013183594,196.20346069335938
84,0.03359794616699219,-0.670393705368042,3.5550315380096436,-0.9104230999946594,2.3198482990264893,180.02853393554688,195.44349670410156,196.20010375976562
85,0.03422975540161133,-0.6715891361236572,3.5568900108337402,-0.9099521636962891,2.324754238128662,180.3163604736328,195.3695068359375,196.20765686035156
86,0.03416323661804199,-0.6726552248001099,3.5547590255737305,-0.9018463492393494,2.3249337673187256,180.535400390625,195.30453491210938,196.1970672607422
87,0.033812522888183594,-0.6740020513534546,3.555647134780884,-0.9044533371925354,2.3293933868408203,180.83685302734375,195.24647521972656,196.20619201660156
88,0.03435087203979492,-0.6752541065216064,3.551697254180908,-0.9010403752326965,2.3290812969207764,181.122314453125,195.1751251220703,196.2088165283203
89,0.03396773338317871,-0.6762177348136902,3.550447702407837,-0.899651288986206,2.3291637897491455,181.39491271972656,195.16336059570312,196.21420288085938
90,0.03479623794555664,-0.6772346496582031,3.552809476852417,-0.8983566761016846,2.3331375122070312,181.61703491210938,195.146484375,196.2255096435547
91,0.03390145301818848,-0.6777903437614441,3.550379514694214,-0.8964353799819946,2.3319613933563232,181.8221435546875,195.12232971191406,196.2160186767578
92,0.033669233322143555,-0.6786631345748901,3.551703929901123,-0.8993887305259705,2.3355283737182617,182.06576538085938,195.11569213867188,196.2025909423828
93,0.03382301330566406,-0.6795870661735535,3.548138380050659,-0.8953545093536377,2.334390878677368,182.31271362304688,195.0339813232422,196.18719482421875
94,0.03445744514465332,-0.6806553602218628,3.5490927696228027,-0.8948370218276978,2.33976149559021,182.50291442871094,194.97914123535156,196.16358947753906
95,0.033783674240112305,-0.6814869046211243,3.5492427349090576,-0.8959444761276245,2.340946912765503,182.8036651611328,194.94419860839844,196.15760803222656
96,0.034490108489990234,-0.6827557682991028,3.550163745880127,-0.8904471397399902,2.344038248062134,183.00350952148438,194.9500274658203,196.1321258544922
97,0.03380751609802246,-0.683998703956604,3.5528481006622314,-0.8866923451423645,2.3507282733917236,183.1825714111328,194.9359893798828,196.11354064941406
98,0.03388667106628418,-0.6852707266807556,3.554297924041748,-0.8850224614143372,2.3567943572998047,183.41680908203125,194.84864807128906,196.1049041748047
99,0.03386402130126953,-0.6862459778785706,3.5563395023345947,-0.8872066736221313,2.360344409942627,183.72161865234375,194.83013916015625,196.08621215820312
100,0.033863067626953125,-0.6872302293777466,3.550889730453491,-0.8844491243362427,2.3589110374450684,183.98318481445312,194.73477172851562,196.06411743164062
101,0.03398418426513672,-0.6882549524307251,3.5512139797210693,-0.8795552849769592,2.362107038497925,184.17161560058594,194.68597412109375,196.038330078125
102,0.03358578681945801,-0.6897391676902771,3.5546317100524902,-0.8789013624191284,2.367860794067383,184.4588165283203,194.66372680664062,196.0220947265625
103,0.03403186798095703,-0.6910598874092102,3.556356430053711,-0.876397430896759,2.3739395141601562,184.70716857910156,194.62721252441406,196.01222229003906
104,0.03404068946838379,-0.6926510334014893,3.5597362518310547,-0.8762218952178955,2.3794288635253906,185.0506134033203,194.56988525390625,195.9923095703125
105,0.033934593200683594,-0.6942847371101379,3.5608160495758057,-0.871030330657959,2.384296178817749,185.3230743408203,194.5535125732422,195.97650146484375
106,0.0345919132232666,-0.6957721710205078,3.5607194900512695,-0.868523120880127,2.3895912170410156,185.5717315673828,194.47825622558594,195.9749298095703
107,0.03425788879394531,-0.6971547603607178,3.5638418197631836,-0.8674795627593994,2.3940351009368896,185.85446166992188,194.45347595214844,195.96939086914062
108,0.033849239349365234,-0.6983023285865784,3.5628912448883057,-0.8626715540885925,2.396480083465576,186.09690856933594,194.42471313476562,195.96353149414062
109,0.03445100784301758,-0.6993774771690369,3.563537359237671,-0.8638889789581299,2.402355670928955,186.33908081054688,194.3444061279297,195.96240234375
110,0.03561091423034668,-0.7004286050796509,3.5627713203430176,-0.8590143322944641,2.4043028354644775,186.57667541503906,194.34762573242188,195.9451904296875
111,0.034061431884765625,-0.7019517421722412,3.5646679401397705,-0.8596365451812744,2.4097468852996826,186.82960510253906,194.2796630859375,195.960693359375
112,0.03423166275024414,-0.7032071352005005,3.5659124851226807,-0.8567095398902893,2.4146649837493896,187.02865600585938,194.23805236816406,195.9549102783203
113,0.03416299819946289,-0.7041641473770142,3.566251039505005,-0.8566052913665771,2.418959140777588,187.23214721679688,194.19427490234375,195.9626007080078
114,0.03398466110229492,-0.7049267292022705,3.5651051998138428,-0.854430615901947,2.4215710163116455,187.39727783203125,194.15963745117188,195.960205078125
115,0.0339202880859375,-0.705739438533783,3.5652661323547363,-0.8519397377967834,2.423741579055786,187.6145782470703,194.1584014892578,195.94778442382812
116,0.03439474105834961,-0.7067215442657471,3.566317081451416,-0.8500427603721619,2.4260671138763428,187.85357666015625,194.10182189941406,195.95457458496094
117,0.034427642822265625,-0.7089601159095764,3.5721287727355957,-0.8483650088310242,2.435961961746216,188.0872039794922,194.09368896484375,195.97543334960938
118,0.03435778617858887,-0.7107161283493042,3.5758509635925293,-0.8453190922737122,2.4446372985839844,188.27268981933594,194.0675506591797,195.9744873046875
119,0.034327030181884766,-0.7122120261192322,3.5761704444885254,-0.8442121744155884,2.4523701667785645,188.46070861816406,193.99618530273438,195.96405029296875
120,0.03455352783203125,-0.7135298848152161,3.5761849880218506,-0.8386441469192505,2.45865797996521,188.63722229003906,193.95440673828125,195.97036743164062
121,0.03457331657409668,-0.7155368328094482,3.5806479454040527,-0.8401588797569275,2.467059373855591,188.88021850585938,193.89657592773438,196.00010681152344
122,0.03403210639953613,-0.7170615792274475,3.5821309089660645,-0.8364760279655457,2.473524332046509,189.02305603027344,193.88946533203125,196.00140380859375
123,0.034941673278808594,-0.7194383144378662,3.587860107421875,-0.8350262641906738,2.486281394958496,189.19876098632812,193.92727661132812,196.02586364746094
124,0.03431391716003418,-0.7202839255332947,3.5859696865081787,-0.8282029628753662,2.490039587020874,189.28929138183594,193.9022674560547,196.02345275878906
125,0.033922672271728516,-0.7218260765075684,3.589940309524536,-0.8333619832992554,2.4989068508148193,189.46234130859375,193.84524536132812,196.05841064453125
126,0.03426504135131836,-0.723885715007782,3.5890109539031982,-0.8264754414558411,2.5094144344329834,189.4580535888672,193.81539916992188,196.06961059570312
127,0.03473687171936035,-0.7257394194602966,3.5919060707092285,-0.826235830783844,2.5183353424072266,189.60130310058594,193.75978088378906,196.09249877929688
128,0.034477949142456055,-0.726026177406311,3.591567039489746,-0.8347104787826538,2.526585340499878,189.84083557128906,193.6990509033203,196.12327575683594
129,0.03423643112182617,-0.7281920909881592,3.586379051208496,-0.8215916752815247,2.5328805446624756,189.8638458251953,193.6688995361328,196.1033477783203
130,0.03482770919799805,-0.7286921739578247,3.593345880508423,-0.8329774737358093,2.542330741882324,190.1179656982422,193.57376098632812,196.149658203125
131,0.035161495208740234,-0.7316962480545044,3.590622901916504,-0.8238348960876465,2.5515518188476562,190.12728881835938,193.57254028320312,196.12466430664062
132,0.03421616554260254,-0.7332087755203247,3.5916881561279297,-0.8172183036804199,2.5605525970458984,190.17225646972656,193.55711364746094,196.15560913085938
133,0.03434324264526367,-0.7339221835136414,3.593501329421997,-0.8205261826515198,2.5649571418762207,190.26071166992188,193.51876831054688,196.18728637695312
134,0.03393197059631348,-0.7354599237442017,3.5937554836273193,-0.8101262450218201,2.5791454315185547,190.1697235107422,193.47157287597656,196.2052764892578
135,0.034197330474853516,-0.7363848090171814,3.602952241897583,-0.8266414403915405,2.5885300636291504,190.4362030029297,193.42837524414062,196.2421417236328
136,0.034837961196899414,-0.7390813827514648,3.6033482551574707,-0.8183396458625793,2.5987377166748047,190.50497436523438,193.42596435546875,196.18893432617188
137,0.03445720672607422,-0.7405534386634827,3.603677749633789,-0.8121402263641357,2.6058509349823,190.48887634277344,193.3915557861328,196.16603088378906
138,0.03452634811401367,-0.742051362991333,3.6031653881073,-0.8109031915664673,2.6145551204681396,190.48927307128906,193.3021697998047,196.16082763671875
139,0.03516960144042969,-0.743793249130249,3.6059510707855225,-0.8168814778327942,2.631772518157959,190.50584411621094,193.1778564453125,196.1868896484375
140,0.03474569320678711,-0.74521803855896,3.60657000541687,-0.8087098598480225,2.6394994258880615,190.4770050048828,193.14263916015625,196.13063049316406
141,0.03426694869995117,-0.7459530234336853,3.605052947998047,-0.8107637166976929,2.6449670791625977,190.4875946044922,193.0591278076172,196.11752319335938
142,0.03421735763549805,-0.746273398399353,3.601015567779541,-0.8151869177818298,2.649449348449707,190.52145385742188,192.95657348632812,196.09719848632812
143,0.03499245643615723,-0.7461773753166199,3.5979421138763428,-0.806623101234436,2.6520748138427734,190.4375762939453,192.87796020507812,196.03587341308594
144,0.03416872024536133,-0.747413694858551,3.60373854637146,-0.8145707845687866,2.660651206970215,190.5359344482422,192.84829711914062,196.0479278564453
145,0.03409838676452637,-0.7480658888816833,3.6031546592712402,-0.8088394403457642,2.6661829948425293,190.51370239257812,192.81495666503906,195.99407958984375
146,0.03440499305725098,-0.7483919858932495,3.601832628250122,-0.8084847331047058,2.670424699783325,190.48712158203125,192.7430877685547,195.9506072998047
147,0.03435516357421875,-0.7485582828521729,3.59989333152771,-0.8086573481559753,2.672557830810547,190.47134399414062,192.7050018310547,195.91592407226562
148,0.03586888313293457,-0.7493758797645569,3.601551055908203,-0.8161458969116211,2.6784169673919678,190.55111694335938,192.6764678955078,195.8672332763672
149,0.03528594970703125,-0.7498542070388794,3.599496603012085,-0.8155282139778137,2.6830313205718994,190.55018615722656,192.6299591064453,195.79273986816406
150,0.03418755531311035,-0.7501444220542908,3.598437786102295,-0.813247561454773,2.684757947921753,190.51724243164062,192.64344787597656,195.72406005859375
151,0.03441047668457031,-0.7504127621650696,3.5988199710845947,-0.8141319751739502,2.6887714862823486,190.51373291015625,192.62168884277344,195.67340087890625
152,0.03435230255126953,-0.7512134313583374,3.6008362770080566,-0.812444806098938,2.6969738006591797,190.50390625,192.559814453125,195.61715698242188
153,0.03465843200683594,-0.751273512840271,3.602482318878174,-0.8121912479400635,2.6989998817443848,190.51046752929688,192.5518341064453,195.561767578125
154,0.03446602821350098,-0.7514956593513489,3.6001250743865967,-0.8117777705192566,2.700761556625366,190.55316162109375,192.5284423828125,195.51730346679688
155,0.03415942192077637,-0.7516769766807556,3.5978004932403564,-0.8106978535652161,2.703164577484131,190.5839385986328,192.4894561767578,195.4799346923828
156,0.03458595275878906,-0.7519810199737549,3.5965259075164795,-0.8164017796516418,2.7057669162750244,190.67098999023438,192.46302795410156,195.4338836669922
157,0.03480362892150879,-0.7524744868278503,3.597064256668091,-0.8144094944000244,2.7128078937530518,190.64947509765625,192.43165588378906,195.36895751953125
158,0.03440451622009277,-0.7526775002479553,3.594409227371216,-0.8139236569404602,2.7153916358947754,190.60548400878906,192.36326599121094,195.30368041992188
159,0.03429603576660156,-0.75300532579422,3.592038154602051,-0.8154627084732056,2.7173163890838623,190.5683135986328,192.34661865234375,195.24844360351562
160,0.03430938720703125,-0.7530547380447388,3.5882959365844727,-0.815059244632721,2.7161366939544678,190.552001953125,192.28883361816406,195.1874542236328
161,0.03471732139587402,-0.7532212734222412,3.588230609893799,-0.8185788989067078,2.7176365852355957,190.60047912597656,192.224853515625,195.14048767089844
162,0.034510135650634766,-0.7532524466514587,3.5845518112182617,-0.819189727306366,2.7169010639190674,190.6752166748047,192.18995666503906,195.06552124023438
163,0.03433632850646973,-0.7531709671020508,3.586268424987793,-0.8121100068092346,2.7193336486816406,190.64585876464844,192.2112579345703,194.99581909179688
164,0.03415656089782715,-0.7534952163696289,3.588888168334961,-0.8196631073951721,2.7225260734558105,190.75341796875,192.19175720214844,194.9718475341797
165,0.034337759017944336,-0.7536728978157043,3.5862724781036377,-0.8175187706947327,2.7228007316589355,190.76051330566406,192.1734619140625,194.8973388671875
166,0.034615278244018555,-0.7537762522697449,3.5868890285491943,-0.8155826330184937,2.726511001586914,190.7788543701172,192.1552276611328,194.84713745117188
167,0.034424543380737305,-0.753994882106781,3.5877089500427246,-0.8195846080780029,2.728745222091675,190.75746154785156,192.11117553710938,194.818115234375
168,0.03513598442077637,-0.7541669011116028,3.587388753890991,-0.8207641839981079,2.7297439575195312,190.71421813964844,192.08592224121094,194.74609375
169,0.033898353576660156,-0.7545145153999329,3.5855703353881836,-0.8206826448440552,2.7324306964874268,190.6987762451172,191.97381591796875,194.66722106933594
170,0.03472137451171875,-0.7547264099121094,3.583080291748047,-0.8218945264816284,2.7339487075805664,190.7158966064453,191.91558837890625,194.59530639648438
171,0.034557342529296875,-0.7550695538520813,3.5837275981903076,-0.819557785987854,2.7387266159057617,190.69442749023438,191.82620239257812,194.53067016601562
172,0.034488677978515625,-0.755151629447937,3.578707695007324,-0.8189438581466675,2.7371091842651367,190.7483367919922,191.77838134765625,194.47930908203125
173,0.03424501419067383,-0.7553807497024536,3.577810287475586,-0.8222006559371948,2.7395212650299072,190.73178100585938,191.75961303710938,194.44857788085938
174,0.034601449966430664,-0.7555049061775208,3.575937032699585,-0.8196227550506592,2.74249267578125,190.72596740722656,191.74916076660156,194.39117431640625
175,0.03461337089538574,-0.7553450465202332,3.573392391204834,-0.825652539730072,2.741450071334839,190.67245483398438,191.74949645996094,194.34385681152344
176,0.03432130813598633,-0.7531344294548035,3.5637564659118652,-0.8141138553619385,2.7393558025360107,190.5250701904297,191.7197723388672,194.27279663085938
177,0.03427624702453613,-0.7552182078361511,3.572190523147583,-0.8286600708961487,2.742314577102661,190.68930053710938,191.72962951660156,194.28884887695312
178,0.03440046310424805,-0.7557119131088257,3.5702500343322754,-0.8247439861297607,2.7440829277038574,190.7571563720703,191.7181854248047,194.21336364746094
179,0.0346832275390625,-0.7559993863105774,3.568289279937744,-0.8235934972763062,2.7465522289276123,190.76815795898438,191.72169494628906,194.16148376464844
180,0.03449082374572754,-0.756148099899292,3.5657503604888916,-0.8255930542945862,2.747483253479004,190.84295654296875,191.68885803222656,194.12234497070312
181,0.03427553176879883,-0.7563269138336182,3.5654759407043457,-0.823154628276825,2.751413106918335,190.86557006835938,191.67784118652344,194.07061767578125
182,0.034069061279296875,-0.7564172744750977,3.564621925354004,-0.8253763914108276,2.7527637481689453,190.90306091308594,191.68792724609375,194.02955627441406
183,0.03432345390319824,-0.7566094398498535,3.5613770484924316,-0.823390781879425,2.7540507316589355,190.8906707763672,191.64932250976562,193.9862060546875
184,0.03462052345275879,-0.7566149234771729,3.559109926223755,-0.8231625556945801,2.7565131187438965,190.81991577148438,191.6155548095703,193.95106506347656
185,0.0343017578125,-0.7567062377929688,3.5586042404174805,-0.8266993165016174,2.7567882537841797,190.87525939941406,191.62925720214844,193.93292236328125
186,0.03425431251525879,-0.7568259239196777,3.5569937229156494,-0.82832932472229,2.758265495300293,190.92312622070312,191.60723876953125,193.89801025390625
187,0.034212589263916016,-0.756972074508667,3.5564069747924805,-0.8279566168785095,2.7598865032196045,190.9688262939453,191.58749389648438,193.8473358154297
188,0.0342564582824707,-0.75718092918396,3.556349515914917,-0.8248667120933533,2.763826847076416,190.9730224609375,191.5541534423828,193.80770874023438
189,0.034162044525146484,-0.756740152835846,3.5582077503204346,-0.8345122933387756,2.764775037765503,191.17381286621094,191.53598022460938,193.77346801757812
190,0.03467106819152832,-0.7573936581611633,3.5584638118743896,-0.8276470303535461,2.7678208351135254,191.15968322753906,191.51495361328125,193.67381286621094
191,0.034439802169799805,-0.7574986815452576,3.5569467544555664,-0.827285885810852,2.768584728240967,191.14247131347656,191.48292541503906,193.6180877685547
192,0.034308433532714844,-0.757598340511322,3.5555310249328613,-0.8263772130012512,2.76955246925354,191.1414794921875,191.47862243652344,193.5643310546875
193,0.03440284729003906,-0.7576107382774353,3.552781105041504,-0.8302757143974304,2.7694251537323,191.1754913330078,191.48733520507812,193.52442932128906
194,0.03407430648803711,-0.7569799423217773,3.551417589187622,-0.8388179540634155,2.7690420150756836,191.33743286132812,191.4347686767578,193.4747772216797
195,0.03444862365722656,-0.7579971551895142,3.5494022369384766,-0.8290091156959534,2.7706384658813477,191.30101013183594,191.3935546875,193.37460327148438
196,0.03447532653808594,-0.7582595348358154,3.54799747467041,-0.830371618270874,2.7733235359191895,191.31729125976562,191.3643798828125,193.33950805664062
197,0.034377336502075195,-0.7583884000778198,3.5468430519104004,-0.82781583070755,2.7757933139801025,191.30996704101562,191.32034301757812,193.29611206054688
198,0.034108877182006836,-0.7584633231163025,3.5424344539642334,-0.8300871849060059,2.7737863063812256,191.3218231201172,191.3015594482422,193.27511596679688
199,0.03430509567260742,-0.7584939002990723,3.5403003692626953,-0.8269754648208618,2.776155471801758,191.2970733642578,191.2403564453125,193.23231506347656
200,0.034711599349975586,-0.7585769891738892,3.542290210723877,-0.8292898535728455,2.778585433959961,191.34149169921875,191.2433319091797,193.2145538330078
201,0.03404545783996582,-0.7587662935256958,3.5404746532440186,-0.8288221955299377,2.7807815074920654,191.34228515625,191.2082977294922,193.18873596191406
202,0.03464698791503906,-0.7588528394699097,3.5388858318328857,-0.8292478322982788,2.7823731899261475,191.34291076660156,191.13623046875,193.16490173339844
203,0.034638166427612305,-0.7584831118583679,3.538525342941284,-0.8354482054710388,2.7822394371032715,191.38145446777344,191.13340759277344,193.14842224121094
204,0.03397059440612793,-0.7588262557983398,3.5382258892059326,-0.8279996514320374,2.7837252616882324,191.33920288085938,191.0998077392578,193.0885772705078
205,0.034851789474487305,-0.7588228583335876,3.5355162620544434,-0.8327016830444336,2.7834794521331787,191.3702850341797,191.08218383789062,193.08493041992188
206,0.03409910202026367,-0.7588830590248108,3.536247968673706,-0.8301770091056824,2.7831053733825684,191.40512084960938,191.1005096435547,193.05169677734375
207,0.03464031219482422,-0.7582265138626099,3.5382091999053955,-0.8232336044311523,2.7858052253723145,191.3516387939453,191.1133575439453,193.04026794433594
208,0.034653663635253906,-0.7585700750350952,3.5389320850372314,-0.8360148668289185,2.786231279373169,191.44052124023438,191.0835418701172,193.03713989257812
209,0.03394269943237305,-0.7589589953422546,3.5346176624298096,-0.831244707107544,2.7858240604400635,191.4663543701172,191.04116821289062,192.96888732910156
210,0.03430604934692383,-0.7589946389198303,3.534147262573242,-0.8286561965942383,2.7859933376312256,191.4883575439453,191.04469299316406,192.95225524902344
211,0.03459572792053223,-0.7590023279190063,3.5340750217437744,-0.8309290409088135,2.786062240600586,191.5440216064453,191.0474090576172,192.9488525390625
212,0.03450274467468262,-0.7589585185050964,3.536606550216675,-0.8294125199317932,2.7880747318267822,191.55665588378906,191.052978515625,192.93218994140625
213,0.03439950942993164,-0.7589998841285706,3.5349204540252686,-0.8303649425506592,2.7886478900909424,191.60629272460938,191.0449676513672,192.91644287109375
214,0.03401637077331543,-0.7591056227684021,3.5346999168395996,-0.8301476240158081,2.7910420894622803,191.57504272460938,191.0323028564453,192.89108276367188
215,0.03449130058288574,-0.7591639757156372,3.5304229259490967,-0.8319472670555115,2.789483070373535,191.64891052246094,191.0187530517578,192.8697509765625
216,0.034598588943481445,-0.7590831518173218,3.530155897140503,-0.8286794424057007,2.7911200523376465,191.656494140625,191.01878356933594,192.84754943847656
217,0.0345001220703125,-0.759039580821991,3.5310661792755127,-0.8289143443107605,2.78928804397583,191.66612243652344,191.09800720214844,192.83407592773438
218,0.03426790237426758,-0.7591524124145508,3.528146266937256,-0.8324084281921387,2.7890095710754395,191.6842803955078,191.08392333984375,192.82313537597656
219,0.034072160720825195,-0.7591363787651062,3.5276756286621094,-0.8285804986953735,2.7906670570373535,191.62454223632812,191.07005310058594,192.79647827148438
220,0.03426361083984375,-0.7590445280075073,3.5285465717315674,-0.8366909027099609,2.7912869453430176,191.70538330078125,191.06727600097656,192.80386352539062
221,0.034145355224609375,-0.7593727111816406,3.52716326713562,-0.8314334154129028,2.7927558422088623,191.69558715820312,191.08047485351562,192.75772094726562
222,0.03428196907043457,-0.7595404386520386,3.5259554386138916,-0.8322541117668152,2.795689344406128,191.5933837890625,191.0716094970703,192.7367706298828
223,0.034604549407958984,-0.7591642737388611,3.5206191539764404,-0.8366734981536865,2.7936410903930664,191.6064453125,191.09039306640625,192.72909545898438
224,0.03454923629760742,-0.7594032287597656,3.5201456546783447,-0.831098735332489,2.7949602603912354,191.6149139404297,191.0835723876953,192.69454956054688
225,0.03413200378417969,-0.7596511244773865,3.5225882530212402,-0.8328392505645752,2.798262596130371,191.65870666503906,191.07810974121094,192.69590759277344
226,0.034319162368774414,-0.7586572170257568,3.5268499851226807,-0.8413702249526978,2.7997353076934814,191.7465362548828,191.09828186035156,192.68238830566406
227,0.03407907485961914,-0.7595444917678833,3.52559494972229,-0.8318402171134949,2.797057628631592,191.7257537841797,191.13929748535156,192.6148223876953
228,0.03466987609863281,-0.7589578628540039,3.5205280780792236,-0.8398197889328003,2.7940831184387207,191.81173706054688,191.18736267089844,192.60946655273438
229,0.034372806549072266,-0.7594789266586304,3.5202345848083496,-0.830600380897522,2.794822931289673,191.77354431152344,191.2203369140625,192.57098388671875
230,0.0344390869140625,-0.7593700885772705,3.5212883949279785,-0.836789071559906,2.7964231967926025,191.82167053222656,191.18736267089844,192.58277893066406
231,0.03413867950439453,-0.7594913840293884,3.527193069458008,-0.8323258757591248,2.801831007003784,191.86825561523438,191.23529052734375,192.55812072753906
232,0.03410530090332031,-0.7595119476318359,3.5263168811798096,-0.8327876925468445,2.8024303913116455,191.8462677001953,191.21519470214844,192.54550170898438
233,0.03423881530761719,-0.7595236897468567,3.525728940963745,-0.8310503363609314,2.803553581237793,191.8408660888672,191.20120239257812,192.53135681152344
234,0.03421425819396973,-0.7592320442199707,3.522387742996216,-0.8274254202842712,2.80353045463562,191.7650146484375,191.21530151367188,192.52647399902344
235,0.03460073471069336,-0.7589288353919983,3.524150848388672,-0.8407686352729797,2.8032619953155518,191.87625122070312,191.21324157714844,192.54640197753906
236,0.03448343276977539,-0.7594345808029175,3.5269272327423096,-0.8348509669303894,2.808745861053467,191.8594207763672,191.21461486816406,192.48670959472656
237,0.03440546989440918,-0.7595885396003723,3.5265865325927734,-0.8339492678642273,2.809866428375244,191.83657836914062,191.15628051757812,192.4574432373047
238,0.03403902053833008,-0.7594483494758606,3.5264639854431152,-0.8261333107948303,2.810857057571411,191.8075714111328,191.15228271484375,192.43206787109375
239,0.03453707695007324,-0.7594437599182129,3.526392936706543,-0.8350424766540527,2.8124332427978516,191.95660400390625,191.14268493652344,192.45567321777344
240,0.03421616554260254,-0.7596859335899353,3.5237815380096436,-0.8318489193916321,2.812530517578125,191.91748046875,191.12393188476562,192.4237060546875
241,0.03498101234436035,-0.7596712112426758,3.5208683013916016,-0.8315959572792053,2.8098323345184326,191.88381958007812,191.140380859375,192.41366577148438
242,0.03423142433166504,-0.7596417665481567,3.5213372707366943,-0.8342939019203186,2.809983491897583,191.92831420898438,191.15704345703125,192.42263793945312
243,0.034334659576416016,-0.7595914602279663,3.5209712982177734,-0.8369261622428894,2.809861898422241,191.93341064453125,191.1188201904297,192.40695190429688
244,0.03415393829345703,-0.7596451044082642,3.520346164703369,-0.8360152840614319,2.809166669845581,191.9950408935547,191.12107849121094,192.3737030029297
245,0.03455376625061035,-0.759492814540863,3.5187082290649414,-0.8383499383926392,2.80804443359375,192.0395965576172,191.08773803710938,192.34629821777344
246,0.034273386001586914,-0.7596885561943054,3.5176503658294678,-0.8322506546974182,2.808689594268799,192.03184509277344,191.07138061523438,192.3212432861328
247,0.034301042556762695,-0.759803831577301,3.5127992630004883,-0.8314977288246155,2.807401657104492,191.94264221191406,191.04864501953125,192.32801818847656
248,0.03435039520263672,-0.7597973346710205,3.5107107162475586,-0.8367003798484802,2.8060405254364014,191.93663024902344,191.0221405029297,192.34474182128906
249,0.034345149993896484,-0.7599506378173828,3.5104129314422607,-0.834974467754364,2.8080430030822754,191.95904541015625,191.02816772460938,192.34063720703125
250,0.0339808464050293,-0.7598504424095154,3.506376266479492,-0.8320953845977783,2.809993267059326,191.96168518066406,190.96998596191406,192.33839416503906
251,0.034562110900878906,-0.7600119113922119,3.507495880126953,-0.8328698873519897,2.8110597133636475,192.01388549804688,190.95465087890625,192.34002685546875
252,0.03403449058532715,-0.7599403858184814,3.5038836002349854,-0.8346819877624512,2.8079776763916016,192.02053833007812,190.93934631347656,192.3423614501953
253,0.03426527976989746,-0.7601434588432312,3.506347179412842,-0.8348612189292908,2.8119094371795654,192.0682830810547,190.89674377441406,192.34353637695312
254,0.03451418876647949,-0.760052502155304,3.5052549839019775,-0.8327552676200867,2.8118057250976562,192.06137084960938,190.8727569580078,192.33865356445312
255,0.03435015678405762,-0.7593531012535095,3.5097503662109375,-0.8418923616409302,2.8152804374694824,192.1304168701172,190.8409881591797,192.33619689941406
256,0.03414583206176758,-0.7599455118179321,3.5105273723602295,-0.8354964852333069,2.819620370864868,192.0899658203125,190.80784606933594,192.28224182128906
257,0.03416299819946289,-0.7599571943283081,3.509514570236206,-0.8305228352546692,2.8203346729278564,191.97427368164062,190.7344512939453,192.26205444335938
258,0.03475546836853027,-0.7587832808494568,3.504680633544922,-0.8248867392539978,2.8190739154815674,191.9506378173828,190.72897338867188,192.2841796875
259,0.03394579887390137,-0.7596899271011353,3.509121894836426,-0.8393614292144775,2.8213541507720947,192.042236328125,190.77093505859375,192.32318115234375
260,0.03428792953491211,-0.7599846720695496,3.5096373558044434,-0.8308722972869873,2.8198630809783936,191.95095825195312,190.79010009765625,192.28245544433594
261,0.03452467918395996,-0.7600881457328796,3.5107977390289307,-0.8328069448471069,2.8212573528289795,191.9876251220703,190.7643280029297,192.30001831054688
262,0.03427410125732422,-0.7600774168968201,3.5095126628875732,-0.8321945071220398,2.8220906257629395,191.99412536621094,190.71136474609375,192.29812622070312
263,0.034165382385253906,-0.7601229548454285,3.5105838775634766,-0.8327909111976624,2.822101354598999,191.97499084472656,190.68643188476562,192.2969970703125
264,0.03603672981262207,-0.7597978115081787,3.511289358139038,-0.8371282815933228,2.825927972793579,192.0000762939453,190.60935974121094,192.29000854492188
265,0.03451275825500488,-0.7601426839828491,3.5057146549224854,-0.832841694355011,2.822260618209839,191.99258422851562,190.59056091308594,192.25631713867188
266,0.03466081619262695,-0.7601264715194702,3.506408214569092,-0.8322635889053345,2.8191471099853516,192.03013610839844,190.62522888183594,192.25364685058594
267,0.03451180458068848,-0.7602311372756958,3.5056467056274414,-0.8345672488212585,2.818572521209717,192.0423583984375,190.6314239501953,192.25518798828125
268,0.03411245346069336,-0.7602236270904541,3.5065908432006836,-0.833933413028717,2.8200933933258057,192.06155395507812,190.61753845214844,192.25341796875
269,0.034403324127197266,-0.760189950466156,3.5040314197540283,-0.8372565507888794,2.817033529281616,192.0792694091797,190.5956573486328,192.2511749267578
270,0.033980369567871094,-0.7603092193603516,3.4998996257781982,-0.8358288407325745,2.8170533180236816,192.0220489501953,190.5460662841797,192.2328643798828
271,0.0345768928527832,-0.760240912437439,3.5032155513763428,-0.8346477150917053,2.820023775100708,192.03504943847656,190.58250427246094,192.22885131835938
272,0.0348663330078125,-0.760313868522644,3.5012364387512207,-0.8371726870536804,2.817446708679199,192.04869079589844,190.55703735351562,192.22244262695312
273,0.03399062156677246,-0.7601901888847351,3.5010175704956055,-0.833119809627533,2.817431688308716,192.03526306152344,190.60447692871094,192.21176147460938
274,0.034502267837524414,-0.7601202130317688,3.5010180473327637,-0.8323181867599487,2.819247245788574,192.02296447753906,190.60304260253906,192.22076416015625
275,0.03396892547607422,-0.7598484754562378,3.5012972354888916,-0.841274082660675,2.8199751377105713,192.1116180419922,190.608154296875,192.2342071533203
276,0.0344090461730957,-0.7597391605377197,3.501854419708252,-0.8295354247093201,2.8172008991241455,192.1056365966797,190.6440887451172,192.20767211914062
277,0.034429073333740234,-0.7591979503631592,3.504842758178711,-0.8435541391372681,2.822118043899536,192.15106201171875,190.59213256835938,192.22959899902344
278,0.03424382209777832,-0.7602378726005554,3.504486322402954,-0.8333989977836609,2.8197507858276367,192.11920166015625,190.62086486816406,192.18008422851562
279,0.03440737724304199,-0.7602288126945496,3.503844976425171,-0.8332053422927856,2.819916009902954,192.1032257080078,190.60150146484375,192.18670654296875
280,0.03417491912841797,-0.7600597739219666,3.5042967796325684,-0.8377948999404907,2.8201229572296143,192.1187744140625,190.59262084960938,192.19692993164062
281,0.03430676460266113,-0.7601062655448914,3.499272584915161,-0.8320828080177307,2.817890167236328,192.15321350097656,190.59271240234375,192.1815643310547
282,0.0339508056640625,-0.7599929571151733,3.5008575916290283,-0.8401779532432556,2.8177683353424072,192.2117462158203,190.60049438476562,192.18849182128906
283,0.0341951847076416,-0.7601097226142883,3.4992151260375977,-0.8321924209594727,2.8165934085845947,192.21287536621094,190.598876953125,192.17051696777344
284,0.03432106971740723,-0.7582091093063354,3.514742612838745,-0.8559265732765198,2.8220717906951904,192.5358428955078,190.54200744628906,192.18067932128906
285,0.034497976303100586,-0.7587000727653503,3.5124869346618652,-0.8569183349609375,2.8190579414367676,192.6485137939453,190.53892517089844,192.07009887695312
286,0.03439044952392578,-0.7596084475517273,3.5071544647216797,-0.8618052005767822,2.818702220916748,192.8158721923828,190.48333740234375,191.96104431152344
287,0.03421282768249512,-0.7610917687416077,3.5018043518066406,-0.8677176237106323,2.8143818378448486,192.92950439453125,190.49798583984375,191.85348510742188
288,0.03430485725402832,-0.7635381817817688,3.4983043670654297,-0.8788068890571594,2.8126220703125,193.14053344726562,190.47621154785156,191.74459838867188
289,0.03395509719848633,-0.766524612903595,3.4976792335510254,-0.8896191716194153,2.8113162517547607,193.32290649414062,190.5128631591797,191.64842224121094
290,0.03397631645202637,-0.7690925002098083,3.499744415283203,-0.900439977645874,2.809659719467163,193.51669311523438,190.55838012695312,191.5416259765625
291,0.03429245948791504,-0.7711651921272278,3.5025782585144043,-0.9087861776351929,2.810462474822998,193.7273406982422,190.54339599609375,191.41122436523438
292,0.034192800521850586,-0.7725826501846313,3.4999818801879883,-0.9164312481880188,2.8075954914093018,193.8613739013672,190.5483856201172,191.27146911621094
293,0.03394913673400879,-0.7735396027565002,3.502087116241455,-0.9222458600997925,2.807854413986206,194.01744079589844,190.5789794921875,191.1201934814453
294,0.034224748611450195,-0.7743025422096252,3.502166986465454,-0.9246273040771484,2.8055167198181152,194.15235900878906,190.5916748046875,190.95809936523438
295,0.03410196304321289,-0.7751540541648865,3.5005667209625244,-0.9233127236366272,2.800684928894043,194.29217529296875,190.65084838867188,190.80517578125
296,0.03421664237976074,-0.7756960391998291,3.5000040531158447,-0.9248214364051819,2.7982261180877686,194.36793518066406,190.69992065429688,190.64979553222656
297,0.03392171859741211,-0.7761678099632263,3.500053644180298,-0.924491822719574,2.7972443103790283,194.4482879638672,190.73947143554688,190.51034545898438
298,0.03395581245422363,-0.7766380906105042,3.4934873580932617,-0.9250326156616211,2.7960941791534424,194.58555603027344,190.66493225097656,190.3719940185547
299,0.03386950492858887,-0.777158796787262,3.4939968585968018,-0.9264429211616516,2.7957684993743896,194.70956420898438,190.65196228027344,190.2357940673828
300,0.034002065658569336,-0.7776046991348267,3.4951560497283936,-0.927040159702301,2.7962214946746826,194.8349151611328,190.70692443847656,190.10287475585938
301,0.034651756286621094,-0.7776079773902893,3.4887990951538086,-0.9209448099136353,2.7908883094787598,194.895263671875,190.71649169921875,189.97564697265625
302,0.03407430648803711,-0.7784211039543152,3.488158702850342,-0.9246600270271301,2.790961980819702,195.13699340820312,190.73306274414062,189.86550903320312
303,0.03404712677001953,-0.7789849638938904,3.48994779586792,-0.9263383746147156,2.791099786758423,195.29043579101562,190.836181640625,189.7470245361328
304,0.03388023376464844,-0.7793434262275696,3.4884707927703857,-0.9266154170036316,2.7879867553710938,195.40142822265625,190.8481903076172,189.62672424316406
305,0.03357887268066406,-0.7796084880828857,3.4868617057800293,-0.9273896813392639,2.788801908493042,195.48477172851562,190.83612060546875,189.510498046875
306,0.033888816833496094,-0.7797911763191223,3.489246129989624,-0.9273308515548706,2.7916622161865234,195.53744506835938,190.82666015625,189.4059600830078
307,0.034147024154663086,-0.7801305055618286,3.4881837368011475,-0.9257500767707825,2.7913095951080322,195.62451171875,190.80499267578125,189.30419921875
308,0.03382730484008789,-0.7801873087882996,3.4868428707122803,-0.9274194240570068,2.794595956802368,195.67913818359375,190.75900268554688,189.20645141601562
309,0.03541851043701172,-0.7803019285202026,3.483853816986084,-0.9282512664794922,2.7981977462768555,195.73333740234375,190.67184448242188,189.10958862304688
310,0.03389477729797363,-0.7806234955787659,3.4838554859161377,-0.926160454750061,2.796265125274658,195.81491088867188,190.73062133789062,189.01954650878906
311,0.03375434875488281,-0.7809094786643982,3.4815547466278076,-0.9236580729484558,2.7912511825561523,195.86729431152344,190.7324981689453,188.92613220214844
312,0.034267425537109375,-0.7811024188995361,3.4817702770233154,-0.9238015413284302,2.790067672729492,195.95179748535156,190.77333068847656,188.84197998046875
313,0.03418684005737305,-0.781295120716095,3.484654188156128,-0.927773118019104,2.7917022705078125,196.07435607910156,190.77235412597656,188.75563049316406
314,0.034310340881347656,-0.7815127968788147,3.483170509338379,-0.9254669547080994,2.7912232875823975,196.13072204589844,190.82931518554688,188.6802215576172
315,0.03421163558959961,-0.7816941142082214,3.482316017150879,-0.9241848587989807,2.792318820953369,196.19964599609375,190.85809326171875,188.61001586914062
316,0.03396296501159668,-0.7817931175231934,3.483652114868164,-0.9214174151420593,2.792834520339966,196.235595703125,190.93251037597656,188.54270935058594
317,0.0337977409362793,-0.7818100452423096,3.4850921630859375,-0.9220238924026489,2.7952141761779785,196.35153198242188,190.87770080566406,188.47793579101562
318,0.03446006774902344,-0.781859815120697,3.481675624847412,-0.9275567531585693,2.791159152984619,196.3498077392578,190.883544921875,188.4075927734375
319,0.03390765190124512,-0.7821158170700073,3.478602170944214,-0.9251614809036255,2.7901644706726074,196.3909912109375,190.90005493164062,188.33697509765625
320,0.033835649490356445,-0.7822964787483215,3.477992057800293,-0.9244413375854492,2.7912497520446777,196.48614501953125,190.8812713623047,188.28245544433594
321,0.03392386436462402,-0.7824179530143738,3.4790632724761963,-0.9231925010681152,2.793360948562622,196.55169677734375,190.8794403076172,188.2237548828125
322,0.03435325622558594,-0.7824820876121521,3.4745404720306396,-0.923828125,2.7904012203216553,196.62158203125,190.9354248046875,188.1788330078125
323,0.033968210220336914,-0.7826874852180481,3.4745256900787354,-0.9247657060623169,2.791029453277588,196.72952270507812,190.91714477539062,188.11941528320312
324,0.0356447696685791,-0.7827529311180115,3.4701640605926514,-0.9295564889907837,2.78641939163208,196.9035186767578,190.92062377929688,188.0640106201172
325,0.034343719482421875,-0.7828991413116455,3.4703574180603027,-0.9276442527770996,2.7885823249816895,196.93568420410156,190.86448669433594,188.00216674804688
326,0.033986568450927734,-0.7831098437309265,3.4690515995025635,-0.924696683883667,2.7878048419952393,196.98574829101562,190.87557983398438,187.94993591308594
327,0.03466153144836426,-0.7830379605293274,3.470846176147461,-0.9258820414543152,2.78998064994812,196.99423217773438,190.8234405517578,187.9000701904297
328,0.034024953842163086,-0.7830724120140076,3.465087890625,-0.9217773675918579,2.7853829860687256,197.05393981933594,190.83633422851562,187.85330200195312
329,0.033882856369018555,-0.7832493185997009,3.466332197189331,-0.9278637766838074,2.787660837173462,197.2166290283203,190.81910705566406,187.80311584472656
330,0.033998966217041016,-0.7833288908004761,3.4680283069610596,-0.9245202541351318,2.7883453369140625,197.20237731933594,190.81051635742188,187.75694274902344
331,0.0337216854095459,-0.783393144607544,3.467628002166748,-0.9240424633026123,2.789642095565796,197.2420196533203,190.7863311767578,187.7109375
332,0.03401494026184082,-0.78351891040802,3.467681884765625,-0.9217954874038696,2.791320562362671,197.27911376953125,190.7018585205078,187.67478942871094
333,0.03401827812194824,-0.7835446000099182,3.4662258625030518,-0.9208025336265564,2.7895960807800293,197.3145751953125,190.70693969726562,187.6375274658203
334,0.03393697738647461,-0.7835270166397095,3.4675517082214355,-0.9226660132408142,2.790837049484253,197.34561157226562,190.70851135253906,187.60939025878906
335,0.03394913673400879,-0.783499002456665,3.4638280868530273,-0.9200387597084045,2.7874948978424072,197.3494415283203,190.7298583984375,187.57847595214844
336,0.03464651107788086,-0.7835625410079956,3.4662601947784424,-0.9250344634056091,2.788872241973877,197.41773986816406,190.76084899902344,187.54896545410156
337,0.03435707092285156,-0.7836751937866211,3.4653234481811523,-0.9217226505279541,2.788820505142212,197.45144653320312,190.74412536621094,187.52069091796875
338,0.034017086029052734,-0.7836723923683167,3.4646880626678467,-0.9194397330284119,2.7884702682495117,197.48475646972656,190.76211547851562,187.4980926513672
339,0.03424334526062012,-0.7836523056030273,3.466585159301758,-0.9219927191734314,2.789586067199707,197.54776000976562,190.7605438232422,187.47691345214844
340,0.03400993347167969,-0.7836996912956238,3.46344256401062,-0.9194649457931519,2.788017511367798,197.54818725585938,190.82101440429688,187.45849609375
341,0.03384757041931152,-0.783595860004425,3.465658664703369,-0.9231009483337402,2.7922496795654297,197.63217163085938,190.76980590820312,187.4366455078125
342,0.03409099578857422,-0.7837846279144287,3.462050437927246,-0.9201965928077698,2.78899884223938,197.61727905273438,190.7716064453125,187.41493225097656
343,0.03403329849243164,-0.7838013768196106,3.4615275859832764,-0.9198348522186279,2.789029359817505,197.69349670410156,190.7418975830078,187.39544677734375
344,0.03419375419616699,-0.7837316393852234,3.4608302116394043,-0.9189453721046448,2.7871763706207275,197.7250213623047,190.88706970214844,187.3758087158203
345,0.03453207015991211,-0.7837433815002441,3.460451126098633,-0.9238613247871399,2.7879951000213623,197.79638671875,190.888916015625,187.35643005371094
346,0.03373527526855469,-0.7837691307067871,3.4596056938171387,-0.9204127788543701,2.7871124744415283,197.8190460205078,190.91665649414062,187.32887268066406
347,0.033815860748291016,-0.7838305234909058,3.4597113132476807,-0.9190300703048706,2.787415027618408,197.83523559570312,190.95791625976562,187.30592346191406
348,0.034688472747802734,-0.7838130593299866,3.4606940746307373,-0.9190578460693359,2.7891533374786377,197.8603515625,190.97036743164062,187.28411865234375
349,0.03386187553405762,-0.7837985754013062,3.4603354930877686,-0.918518602848053,2.78944730758667,197.83164978027344,190.95977783203125,187.2632293701172
350,0.034467458724975586,-0.7838083505630493,3.4597275257110596,-0.9209919571876526,2.7880282402038574,197.8434295654297,190.96453857421875,187.24871826171875
351,0.0338289737701416,-0.7838174700737,3.4595065116882324,-0.9200215339660645,2.7866437435150146,197.86619567871094,190.9574737548828,187.22958374023438
352,0.033783912658691406,-0.7837335467338562,3.4596009254455566,-0.9164895415306091,2.7865827083587646,197.87442016601562,190.97726440429688,187.2134552001953
353,0.033957719802856445,-0.7836250066757202,3.4618494510650635,-0.9249148368835449,2.7875726222991943,197.94656372070312,190.97354125976562,187.21304321289062
354,0.03406953811645508,-0.783820629119873,3.4609405994415283,-0.9210172891616821,2.7874410152435303,197.89967346191406,190.9692840576172,187.19004821777344
355,0.033887386322021484,-0.7838239669799805,3.460782766342163,-0.921321451663971,2.7865355014801025,197.90240478515625,190.99063110351562,187.17599487304688
356,0.03392291069030762,-0.7837854027748108,3.457892894744873,-0.9221236109733582,2.786233425140381,197.95094299316406,191.03419494628906,187.16746520996094
357,0.033895015716552734,-0.7838102579116821,3.4578685760498047,-0.9219056367874146,2.787574052810669,197.95230102539062,191.0390167236328,187.1517333984375
358,0.033624887466430664,-0.783732533454895,3.460324287414551,-0.9244989156723022,2.789865016937256,197.93516540527344,191.06875610351562,187.13888549804688
359,0.03397417068481445,-0.7838127613067627,3.4599132537841797,-0.9201252460479736,2.7907512187957764,197.8247833251953,191.03662109375,187.11941528320312
360,0.034006357192993164,-0.7837082743644714,3.455317258834839,-0.9188927412033081,2.7883760929107666,197.83404541015625,190.99838256835938,187.1146240234375
361,0.033885955810546875,-0.782932460308075,3.464704751968384,-0.9300321936607361,2.792961597442627,197.8238525390625,190.9998321533203,187.12042236328125
362,0.034351348876953125,-0.7836847305297852,3.4614815711975098,-0.9238604307174683,2.792923927307129,197.76902770996094,190.9851531982422,187.09201049804688
363,0.03398633003234863,-0.7837262153625488,3.4615731239318848,-0.9234120845794678,2.793630838394165,197.7305908203125,190.98532104492188,187.0833282470703
364,0.03446340560913086,-0.7835780382156372,3.4635837078094482,-0.9239161014556885,2.7959022521972656,197.70863342285156,190.96807861328125,187.08250427246094
365,0.03388524055480957,-0.783767580986023,3.4604156017303467,-0.9209125638008118,2.794288396835327,197.70401000976562,190.97740173339844,187.0681610107422
366,0.03380441665649414,-0.7836951017379761,3.458524227142334,-0.9181737303733826,2.7927067279815674,197.70033264160156,190.9588623046875,187.0613250732422
367,0.03387808799743652,-0.7835339307785034,3.4626095294952393,-0.9261224865913391,2.794851303100586,197.78419494628906,190.9132537841797,187.06729125976562
368,0.033940792083740234,-0.7838000059127808,3.4596428871154785,-0.9206761717796326,2.795173168182373,197.725341796875,190.87928771972656,187.0438690185547
369,0.03385186195373535,-0.7837563157081604,3.4591076374053955,-0.9213526844978333,2.7944703102111816,197.68975830078125,190.86880493164062,187.04820251464844
370,0.03464341163635254,-0.7835272550582886,3.4578404426574707,-0.9172981977462769,2.7958743572235107,197.7070770263672,190.81878662109375,187.05726623535156
371,0.033949851989746094,-0.7835636138916016,3.4589905738830566,-0.9280171394348145,2.7955031394958496,197.80032348632812,190.77218627929688,187.0598907470703
372,0.03368067741394043,-0.7837705612182617,3.4552395343780518,-0.9199950098991394,2.793689012527466,197.75267028808594,190.7163848876953,187.03599548339844
373,0.03383374214172363,-0.7838630676269531,3.4558732509613037,-0.9232332110404968,2.792884349822998,197.83729553222656,190.67898559570312,187.04458618164062
374,0.03445768356323242,-0.7838690876960754,3.4574134349823,-0.9258531928062439,2.795485496520996,197.8533935546875,190.63751220703125,187.0394744873047
375,0.033779144287109375,-0.7837586402893066,3.458648204803467,-0.9241800904273987,2.79841947555542,197.83677673339844,190.87657165527344,187.02195739746094
376,0.03488492965698242,-0.7835910320281982,3.4604332447052,-0.9222649335861206,2.8004257678985596,197.79385375976562,190.8482208251953,187.0111083984375
377,0.033860206604003906,-0.7837770581245422,3.455578088760376,-0.9230620861053467,2.7961175441741943,197.74447631835938,190.86204528808594,187.01109313964844
378,0.033777713775634766,-0.7838499546051025,3.4556541442871094,-0.9222704768180847,2.79717755317688,197.77308654785156,190.74729919433594,187.00900268554688
379,0.034200191497802734,-0.7838229537010193,3.4559571743011475,-0.9194983839988708,2.795774221420288,197.7755126953125,190.7243194580078,187.00970458984375
380,0.03403306007385254,-0.7837149500846863,3.4577858448028564,-0.9224793910980225,2.8003273010253906,197.82826232910156,190.6608123779297,187.0235595703125
381,0.03413033485412598,-0.7838529944419861,3.4555044174194336,-0.9218175411224365,2.798259735107422,197.8380584716797,190.65499877929688,187.02401733398438
382,0.03414154052734375,-0.7834035158157349,3.461623191833496,-0.9229207038879395,2.8019235134124756,197.81398010253906,190.60154724121094,187.02395629882812
383,0.03420591354370117,-0.7836244702339172,3.460547924041748,-0.9215233325958252,2.7995219230651855,197.77357482910156,190.6504364013672,187.0233917236328
384,0.03414297103881836,-0.7839066386222839,3.4570062160491943,-0.9213054776191711,2.79616117477417,197.74378967285156,190.6913299560547,187.02476501464844
385,0.03408336639404297,-0.7836887836456299,3.457167625427246,-0.9178380370140076,2.7959563732147217,197.7257080078125,190.6692657470703,187.02439880371094
386,0.0343019962310791,-0.78346848487854,3.462000846862793,-0.925075888633728,2.799715995788574,197.8190460205078,190.6102752685547,187.03768920898438
387,0.034796714782714844,-0.7838366031646729,3.4573588371276855,-0.9199369549751282,2.7941641807556152,197.77157592773438,190.68736267089844,187.02821350097656
388,0.03401446342468262,-0.783812940120697,3.458890199661255,-0.9234045743942261,2.7965991497039795,197.83070373535156,190.6435546875,187.0398406982422
389,0.03397870063781738,-0.7838969826698303,3.45711350440979,-0.9228323698043823,2.794067621231079,197.83786010742188,190.7061767578125,187.02952575683594
390,0.03404641151428223,-0.7839035987854004,3.45772123336792,-0.9240224957466125,2.795893430709839,197.85360717773438,190.665283203125,187.02200317382812
391,0.033740997314453125,-0.7839167714118958,3.4564690589904785,-0.9225506782531738,2.795522928237915,197.84825134277344,190.6929473876953,187.0142059326172
392,0.034009695053100586,-0.7839529514312744,3.4544003009796143,-0.9242491722106934,2.7950730323791504,197.90406799316406,190.64845275878906,187.01084899902344
393,0.033744096755981445,-0.7839889526367188,3.456287145614624,-0.923619270324707,2.7953782081604004,197.91201782226562,190.63592529296875,187.0015106201172
394,0.03400826454162598,-0.7839637994766235,3.457385778427124,-0.9227269291877747,2.795158624649048,197.93927001953125,190.64089965820312,186.9939727783203
395,0.03401756286621094,-0.7838143110275269,3.4572322368621826,-0.926487386226654,2.79414963722229,197.92669677734375,190.65541076660156,186.98960876464844
396,0.03379559516906738,-0.7837191820144653,3.4572460651397705,-0.9174180030822754,2.7955520153045654,197.85964965820312,190.67391967773438,186.96795654296875
397,0.034468650817871094,-0.7832683324813843,3.4608492851257324,-0.927923858165741,2.7976300716400146,197.89808654785156,190.65969848632812,186.98190307617188
398,0.033942461013793945,-0.7838545441627502,3.454667329788208,-0.9227400422096252,2.7928900718688965,197.7908477783203,190.67633056640625,186.96661376953125
399,0.03371238708496094,-0.783847987651825,3.4568493366241455,-0.9221720695495605,2.797504186630249,197.77001953125,190.62008666992188,186.96591186523438
400,0.03384065628051758,-0.7838897109031677,3.456284523010254,-0.9203829765319824,2.7959046363830566,197.77488708496094,190.66648864746094,186.9634246826172
401,0.034043073654174805,-0.7836519479751587,3.459275007247925,-0.9245530962944031,2.7996349334716797,197.76661682128906,190.6142120361328,186.97186279296875
402,0.034093379974365234,-0.783789336681366,3.4560463428497314,-0.9197196960449219,2.794858932495117,197.72671508789062,190.6769561767578,186.9662322998047
403,0.03380632400512695,-0.7837978601455688,3.458199977874756,-0.9235715270042419,2.7983217239379883,197.8111114501953,190.62367248535156,186.97903442382812
404,0.03398442268371582,-0.7838886380195618,3.456780433654785,-0.922258198261261,2.7965853214263916,197.8171844482422,190.63912963867188,186.98410034179688
405,0.03615999221801758,-0.7838842868804932,3.455030679702759,-0.9213148951530457,2.7938649654388428,197.81427001953125,190.6727294921875,186.9827117919922
406,0.034204721450805664,-0.783942461013794,3.4546759128570557,-0.9219853281974792,2.7955102920532227,197.842041015625,190.6224822998047,186.98568725585938
407,0.03392744064331055,-0.7838543057441711,3.4538047313690186,-0.9222528338432312,2.7932517528533936,197.8495330810547,190.60552978515625,186.9834442138672
408,0.03423261642456055,-0.7839566469192505,3.455578565597534,-0.924945056438446,2.79494571685791,197.87826538085938,190.56065368652344,186.99008178710938
409,0.033904075622558594,-0.783897876739502,3.455671548843384,-0.9221693873405457,2.7928578853607178,197.88449096679688,190.60171508789062,186.97747802734375
410,0.033783674240112305,-0.7839372158050537,3.4567413330078125,-0.9211204648017883,2.7943122386932373,197.86036682128906,190.57281494140625,186.9852752685547
411,0.03391408920288086,-0.7839246392250061,3.454390287399292,-0.9206664562225342,2.7930829524993896,197.85256958007812,190.50645446777344,186.99185180664062
412,0.03467440605163574,-0.7837816476821899,3.457773447036743,-0.9204038381576538,2.7978575229644775,197.85760498046875,190.44444274902344,186.99815368652344
413,0.033937692642211914,-0.7836015224456787,3.4599616527557373,-0.9193488359451294,2.8002467155456543,197.82186889648438,190.4231719970703,187.0052032470703
414,0.03390979766845703,-0.7837374806404114,3.4589054584503174,-0.9184061288833618,2.797302722930908,197.8031463623047,190.42120361328125,187.00802612304688
415,0.03396344184875488,-0.783676028251648,3.4608511924743652,-0.9204498529434204,2.798299789428711,197.77659606933594,190.44912719726562,187.0182342529297
416,0.034332275390625,-0.7838525176048279,3.4580154418945312,-0.9204475283622742,2.7959585189819336,197.73719787597656,190.4241943359375,187.02064514160156
417,0.03419375419616699,-0.7838453650474548,3.4570086002349854,-0.9197297692298889,2.7925350666046143,197.73809814453125,190.47018432617188,187.02627563476562
418,0.03432106971740723,-0.783710241317749,3.4592483043670654,-0.9250555634498596,2.7968878746032715,197.7999725341797,190.44845581054688,187.03688049316406
419,0.034626007080078125,-0.7838537096977234,3.454904556274414,-0.921697199344635,2.7920055389404297,197.8053436279297,190.5061492919922,187.02906799316406
420,0.034195661544799805,-0.7839240431785583,3.4572529792785645,-0.9227500557899475,2.7939155101776123,197.77517700195312,190.4850616455078,187.0347137451172
421,0.03400015830993652,-0.7839178442955017,3.4571104049682617,-0.9203354716300964,2.792217254638672,197.85101318359375,190.52334594726562,187.03085327148438
422,0.03383636474609375,-0.7839149236679077,3.4548676013946533,-0.9191423654556274,2.794309139251709,197.8236083984375,190.48008728027344,187.03775024414062
423,0.033780574798583984,-0.7839778065681458,3.4555306434631348,-0.9240917563438416,2.794330358505249,197.88612365722656,190.4499053955078,187.04672241210938
424,0.033864736557006836,-0.7839269042015076,3.4567153453826904,-0.9238230586051941,2.795102119445801,197.87294006347656,190.49598693847656,187.03834533691406
425,0.03426861763000488,-0.783747136592865,3.4538686275482178,-0.9222237467765808,2.789585590362549,197.90711975097656,190.5712432861328,187.0313262939453
426,0.03392601013183594,-0.7838460206985474,3.4542970657348633,-0.9212490320205688,2.7922091484069824,197.90689086914062,190.59146118164062,187.0311737060547
427,0.03445744514465332,-0.7839109897613525,3.455612897872925,-0.9193850755691528,2.7938098907470703,197.90016174316406,190.60250854492188,187.03521728515625
428,0.03382539749145508,-0.7839605212211609,3.4546594619750977,-0.9221890568733215,2.794238805770874,197.9444580078125,190.55816650390625,187.0420379638672
429,0.033956050872802734,-0.7837491035461426,3.4571242332458496,-0.9210813045501709,2.798384666442871,197.944580078125,190.51605224609375,187.03948974609375
430,0.0338437557220459,-0.7838172912597656,3.4561896324157715,-0.9209551811218262,2.796755313873291,197.90542602539062,190.52268981933594,187.03915405273438
431,0.03464317321777344,-0.7837690114974976,3.4585764408111572,-0.9197564125061035,2.7985947132110596,197.82164001464844,190.56858825683594,187.03590393066406
432,0.034130096435546875,-0.7837714552879333,3.458155632019043,-0.9218498468399048,2.7981162071228027,197.78268432617188,190.57284545898438,187.038330078125
433,0.033650875091552734,-0.7837995886802673,3.457723379135132,-0.9236446022987366,2.7984023094177246,197.78370666503906,190.59864807128906,187.03919982910156
434,0.03394317626953125,-0.7838177680969238,3.4574034214019775,-0.922606885433197,2.797884702682495,197.8299102783203,190.61663818359375,187.03688049316406
435,0.03392219543457031,-0.7838097214698792,3.4530999660491943,-0.9231929183006287,2.7922866344451904,197.85984802246094,190.62347412109375,187.03575134277344
436,0.0339815616607666,-0.7837729454040527,3.4526216983795166,-0.9228805899620056,2.7908432483673096,197.88404846191406,190.6844940185547,187.029296875
437,0.033875465393066406,-0.7837816476821899,3.4535138607025146,-0.9217162728309631,2.7904300689697266,197.89112854003906,190.71327209472656,187.02508544921875
438,0.033937692642211914,-0.7838315963745117,3.454766035079956,-0.9234203696250916,2.7926459312438965,197.9178009033203,190.71656799316406,187.0244598388672
439,0.0335240364074707,-0.7839546799659729,3.4574460983276367,-0.9244943857192993,2.7948405742645264,197.92637634277344,190.6846160888672,187.01638793945312
440,0.034020185470581055,-0.7839250564575195,3.4547741413116455,-0.9240051507949829,2.794046640396118,197.95298767089844,190.66281127929688,187.00323486328125
441,0.03415513038635254,-0.7839553356170654,3.455418825149536,-0.9223962426185608,2.795121192932129,197.94305419921875,190.6220245361328,187.0006866455078
442,0.03417062759399414,-0.7839483022689819,3.4534316062927246,-0.922753632068634,2.7948570251464844,197.953857421875,190.57859802246094,186.9988555908203
443,0.03402304649353027,-0.7837232947349548,3.4574010372161865,-0.9222615957260132,2.7993056774139404,197.9434814453125,190.51869201660156,186.99427795410156
444,0.03392434120178223,-0.7838560938835144,3.4568591117858887,-0.9200381636619568,2.796096086502075,197.91883850097656,190.5687255859375,186.9932861328125
445,0.034697771072387695,-0.7837628126144409,3.4545042514801025,-0.9183042049407959,2.7933285236358643,197.8515625,190.58700561523438,186.9942626953125
446,0.033982038497924805,-0.7839471697807312,3.4554457664489746,-0.9233741760253906,2.793053150177002,197.9486541748047,190.5689239501953,187.00704956054688
447,0.034094810485839844,-0.7838170528411865,3.4579904079437256,-0.9239692687988281,2.7958967685699463,197.95748901367188,190.52833557128906,187.0022735595703
448,0.03394961357116699,-0.783981204032898,3.4556617736816406,-0.9236540198326111,2.793438196182251,197.9345703125,190.56629943847656,186.99830627441406
449,0.03377056121826172,-0.7839595675468445,3.4556896686553955,-0.9233170747756958,2.7957844734191895,197.9207000732422,190.52610778808594,186.99478149414062
450,0.03395342826843262,-0.7838482856750488,3.4544942378997803,-0.9263843894004822,2.7947518825531006,197.9324951171875,190.50112915039062,186.98846435546875
451,0.03381633758544922,-0.7836410999298096,3.4496407508850098,-0.9216324090957642,2.790497303009033,197.9084014892578,190.52589416503906,186.97195434570312
452,0.03379178047180176,-0.7838857173919678,3.451711416244507,-0.9233577251434326,2.793628454208374,197.91592407226562,190.4948272705078,186.97596740722656
453,0.03399491310119629,-0.783908486366272,3.4520814418792725,-0.9234173893928528,2.7948617935180664,197.93212890625,190.51724243164062,186.97023010253906
454,0.03379082679748535,-0.7839603424072266,3.4539074897766113,-0.9225594997406006,2.795921564102173,197.96292114257812,190.505615234375,186.96388244628906
455,0.03476309776306152,-0.7839688062667847,3.4551632404327393,-0.9240460991859436,2.7957873344421387,197.9634246826172,190.49159240722656,186.9599609375
456,0.03386878967285156,-0.7839833498001099,3.454143524169922,-0.9233724474906921,2.795106887817383,197.9376678466797,190.52496337890625,186.95816040039062
457,0.033609867095947266,-0.7837090492248535,3.4566330909729004,-0.9263758659362793,2.797321081161499,197.95184326171875,190.58192443847656,186.9560089111328
458,0.03408455848693848,-0.7833654880523682,3.4528825283050537,-0.9157807230949402,2.794367790222168,197.8743896484375,190.62025451660156,186.9467010498047
459,0.03416728973388672,-0.7839539051055908,3.45407772064209,-0.9249813556671143,2.795497417449951,197.94642639160156,190.62098693847656,186.96963500976562
460,0.033978939056396484,-0.7839689254760742,3.4544873237609863,-0.9241940379142761,2.7948977947235107,197.9297637939453,190.61724853515625,186.95562744140625
461,0.03459596633911133,-0.7839743494987488,3.4565343856811523,-0.9231131672859192,2.795931100845337,197.92112731933594,190.6031951904297,186.9496612548828
462,0.03394818305969238,-0.7839969396591187,3.455467939376831,-0.92356938123703,2.7942564487457275,197.9326934814453,190.58917236328125,186.9457244873047
463,0.03375649452209473,-0.7839950919151306,3.455491542816162,-0.9236312508583069,2.7937819957733154,197.9258270263672,190.564208984375,186.9491424560547
464,0.03419756889343262,-0.7839621901512146,3.4558210372924805,-0.9247145056724548,2.7950077056884766,197.93597412109375,190.54342651367188,186.94631958007812
465,0.033968210220336914,-0.7839545607566833,3.45464825630188,-0.9230217933654785,2.793894052505493,197.91134643554688,190.55892944335938,186.9327392578125
466,0.03390192985534668,-0.7837880253791809,3.457292079925537,-0.9254307746887207,2.797200918197632,197.91281127929688,190.53550720214844,186.93370056152344
467,0.033777713775634766,-0.7837110757827759,3.459029197692871,-0.9245445728302002,2.797933578491211,197.86923217773438,190.5533447265625,186.9275665283203
468,0.0338742733001709,-0.7838642597198486,3.4570577144622803,-0.9224458932876587,2.796708345413208,197.88792419433594,190.55311584472656,186.92550659179688
469,0.03361916542053223,-0.7839395999908447,3.4548776149749756,-0.9219980239868164,2.794538974761963,197.87033081054688,190.59841918945312,186.9261016845703
470,0.03403973579406738,-0.7837414145469666,3.4581332206726074,-0.9222345948219299,2.7984423637390137,197.85601806640625,190.52719116210938,186.93023681640625
471,0.03403306007385254,-0.7837170958518982,3.457867383956909,-0.9240838885307312,2.7988622188568115,197.85281372070312,190.537109375,186.9401397705078
472,0.03392982482910156,-0.7838847041130066,3.4569778442382812,-0.9213632941246033,2.795736074447632,197.83018493652344,190.59226989746094,186.9396209716797
473,0.03464317321777344,-0.7838980555534363,3.454819679260254,-0.9206314086914062,2.7934553623199463,197.82733154296875,190.6331024169922,186.94329833984375
474,0.033849477767944336,-0.7838540077209473,3.4528017044067383,-0.9206178188323975,2.7935924530029297,197.84750366210938,190.58351135253906,186.95388793945312
475,0.034584760665893555,-0.7839404344558716,3.4538819789886475,-0.9226697683334351,2.7966601848602295,197.89892578125,190.52947998046875,186.96493530273438
476,0.03404593467712402,-0.7838359475135803,3.451996326446533,-0.9223111867904663,2.7931036949157715,197.9059295654297,190.58389282226562,186.9653778076172
477,0.03370404243469238,-0.7839117646217346,3.4531288146972656,-0.92425137758255,2.7947945594787598,197.95724487304688,190.64984130859375,186.96742248535156
478,0.0342559814453125,-0.7838245630264282,3.455662250518799,-0.9257405400276184,2.7976763248443604,197.9636993408203,190.5853729248047,186.96119689941406
479,0.034207820892333984,-0.7839441299438477,3.4529478549957275,-0.9199475646018982,2.7956018447875977,197.9158935546875,190.57614135742188,186.948974609375
480,0.03378558158874512,-0.7838926315307617,3.4555246829986572,-0.9232916235923767,2.797849178314209,197.94081115722656,190.52505493164062,186.95826721191406
481,0.03374338150024414,-0.7838214635848999,3.4534807205200195,-0.9264886379241943,2.796154260635376,197.93370056152344,190.511474609375,186.9575958251953
482,0.03373432159423828,-0.7839663624763489,3.453652858734131,-0.9212337732315063,2.795133113861084,197.86599731445312,190.53504943847656,186.94911193847656
483,0.03379392623901367,-0.7838238477706909,3.4530508518218994,-0.9185836911201477,2.795769214630127,197.85772705078125,190.53143310546875,186.95266723632812
484,0.034053802490234375,-0.7839373350143433,3.4539151191711426,-0.9244211316108704,2.7957301139831543,197.92596435546875,190.45205688476562,186.9665985107422
485,0.03470611572265625,-0.7838249802589417,3.4567339420318604,-0.923130989074707,2.7975494861602783,197.9180145263672,190.4772491455078,186.95623779296875
486,0.03405904769897461,-0.7839171886444092,3.454990863800049,-0.9217711091041565,2.796199321746826,197.92332458496094,190.4998779296875,186.9586639404297
487,0.034041404724121094,-0.7836090922355652,3.4491376876831055,-0.9246286153793335,2.7895805835723877,197.8771514892578,190.4908447265625,186.95516967773438
488,0.0337529182434082,-0.7838299870491028,3.4505772590637207,-0.9246171712875366,2.7909862995147705,197.89292907714844,190.488037109375,186.95164489746094
489,0.03401470184326172,-0.7834224700927734,3.4536311626434326,-0.9286333918571472,2.796983242034912,197.9715118408203,190.4503936767578,186.95155334472656
490,0.03446197509765625,-0.7837996482849121,3.4553682804107666,-0.9202563762664795,2.798452377319336,197.905029296875,190.4915313720703,186.93646240234375
491,0.03423929214477539,-0.7838748693466187,3.452120542526245,-0.9200783967971802,2.7946906089782715,197.86312866210938,190.54083251953125,186.94195556640625
492,0.03457236289978027,-0.7834988832473755,3.4571642875671387,-0.9265879988670349,2.799196720123291,197.9048309326172,190.51364135742188,186.95663452148438
493,0.03380131721496582,-0.7827356457710266,3.4509243965148926,-0.9132094383239746,2.7918410301208496,197.82667541503906,190.59315490722656,186.9447021484375
494,0.03350090980529785,-0.7838982939720154,3.4564878940582275,-0.924488365650177,2.793131113052368,198.00198364257812,190.6670379638672,186.9847869873047
495,0.03413987159729004,-0.783797025680542,3.4594719409942627,-0.9231733679771423,2.7957048416137695,197.95848083496094,190.62591552734375,186.9802703857422
496,0.03402972221374512,-0.7838153839111328,3.4543590545654297,-0.9203060865402222,2.7911691665649414,197.95156860351562,190.6441650390625,186.97349548339844
497,0.03414320945739746,-0.7838309407234192,3.455122470855713,-0.9182150363922119,2.794314384460449,197.95004272460938,190.6171417236328,186.97509765625
498,0.034110307693481445,-0.7839961647987366,3.4555323123931885,-0.9230623245239258,2.7946832180023193,197.975830078125,190.54945373535156,186.98263549804688
499,0.033822059631347656,-0.7839856147766113,3.4571268558502197,-0.9235514402389526,2.794076442718506,198.0074462890625,190.52297973632812,186.9768524169922
