itr,time,loss,theta,phi,gamma,bx,by,bz
0,0.018745899200439453,-0.6342413425445557,2.729246139526367,1.040719985961914,2.3978309631347656,172.75881958007812,193.77369689941406,148.77191162109375
1,0.034809112548828125,-0.6574879288673401,2.7252838611602783,1.0729138851165771,2.396681785583496,173.26202392578125,193.81190490722656,148.7772979736328
2,0.03372502326965332,-0.6770254373550415,2.7170212268829346,1.10258150100708,2.3968958854675293,173.75387573242188,193.88758850097656,148.8555908203125
3,0.0337374210357666,-0.6856613755226135,2.711172580718994,1.1244158744812012,2.395171642303467,174.117919921875,194.009521484375,148.94500732421875
4,0.03412055969238281,-0.6875632405281067,2.705353260040283,1.1319732666015625,2.3971943855285645,174.24395751953125,194.13583374023438,148.98428344726562
5,0.03347444534301758,-0.6880473494529724,2.7033002376556396,1.1368651390075684,2.3964602947235107,174.2794189453125,194.25335693359375,148.9828338623047
6,0.034415245056152344,-0.6884956359863281,2.6999001502990723,1.1405551433563232,2.3972883224487305,174.2975616455078,194.4140625,148.95162963867188
7,0.0334935188293457,-0.6888807415962219,2.698617935180664,1.1398751735687256,2.3964929580688477,174.22637939453125,194.5831756591797,148.9057159423828
8,0.03377389907836914,-0.6895082592964172,2.6948046684265137,1.139290690422058,2.397609233856201,174.1665496826172,194.7823944091797,148.8640899658203
9,0.033739328384399414,-0.6896876096725464,2.6960458755493164,1.1358087062835693,2.393004894256592,174.1572723388672,195.0265655517578,148.82904052734375
10,0.03390693664550781,-0.6903533339500427,2.6931464672088623,1.1376018524169922,2.3958287239074707,174.15272521972656,195.1435089111328,148.8181610107422
11,0.0337369441986084,-0.6905357241630554,2.6927008628845215,1.1363242864608765,2.3942859172821045,174.1786651611328,195.30686950683594,148.79147338867188
12,0.0334925651550293,-0.6897584199905396,2.7003233432769775,1.130265474319458,2.390965700149536,174.51377868652344,195.36668395996094,148.76791381835938
13,0.0340878963470459,-0.6903760433197021,2.697450637817383,1.1366887092590332,2.389559745788574,174.51637268066406,195.5496063232422,148.76783752441406
14,0.03350830078125,-0.6907393932342529,2.6946585178375244,1.1363177299499512,2.3909573554992676,174.49380493164062,195.68109130859375,148.73904418945312
15,0.033348798751831055,-0.6911470293998718,2.692384719848633,1.137367606163025,2.3916919231414795,174.4868621826172,195.8056182861328,148.71128845214844
16,0.03396725654602051,-0.6917271018028259,2.687619686126709,1.141310453414917,2.3954968452453613,174.4880828857422,195.8818359375,148.67787170410156
17,0.033653974533081055,-0.6924365758895874,2.677938461303711,1.1418366432189941,2.4052278995513916,174.4145965576172,195.9590606689453,148.6338348388672
18,0.03341269493103027,-0.692728579044342,2.67612886428833,1.1398872137069702,2.4063382148742676,174.38673400878906,196.0290069580078,148.57394409179688
19,0.033399105072021484,-0.6932446360588074,2.671375036239624,1.1388227939605713,2.410693645477295,174.40000915527344,196.10940551757812,148.52371215820312
20,0.033650875091552734,-0.6935586929321289,2.6687889099121094,1.1394339799880981,2.4126029014587402,174.36619567871094,196.20750427246094,148.4830322265625
21,0.03400301933288574,-0.6939024925231934,2.667386770248413,1.140718698501587,2.4132437705993652,174.2985382080078,196.3563995361328,148.44602966308594
22,0.03358054161071777,-0.6940100193023682,2.6693835258483887,1.1400049924850464,2.4102466106414795,174.35520935058594,196.49090576171875,148.40985107421875
23,0.03364109992980957,-0.6942579746246338,2.6632111072540283,1.1446919441223145,2.4158260822296143,174.33152770996094,196.60328674316406,148.3651123046875
24,0.03312230110168457,-0.6945894360542297,2.663026809692383,1.1420365571975708,2.4145994186401367,174.30450439453125,196.75677490234375,148.3237762451172
25,0.03368401527404785,-0.6950162053108215,2.660513401031494,1.1420130729675293,2.4141998291015625,174.27098083496094,196.90966796875,148.28953552246094
26,0.033905744552612305,-0.6952878832817078,2.6590545177459717,1.1423057317733765,2.413491725921631,174.27313232421875,197.0301971435547,148.2544403076172
27,0.03378605842590332,-0.6957024931907654,2.656141519546509,1.1427408456802368,2.4141900539398193,174.26824951171875,197.16204833984375,148.22096252441406
28,0.03384804725646973,-0.6960058808326721,2.654341459274292,1.1429240703582764,2.4145572185516357,174.246337890625,197.3025665283203,148.19451904296875
29,0.033782243728637695,-0.6961984038352966,2.652548313140869,1.1448771953582764,2.4146361351013184,174.21717834472656,197.38687133789062,148.1709442138672
30,0.03347492218017578,-0.6959366202354431,2.6516973972320557,1.135765552520752,2.415794849395752,174.09585571289062,197.51988220214844,148.1402587890625
31,0.033396005630493164,-0.6965413689613342,2.654118299484253,1.1436772346496582,2.412480592727661,174.08132934570312,197.62452697753906,148.12872314453125
32,0.03362870216369629,-0.6968607902526855,2.65462064743042,1.1474666595458984,2.410159111022949,174.16567993164062,197.7538604736328,148.10960388183594
33,0.033876895904541016,-0.6970663666725159,2.654470205307007,1.1471980810165405,2.4084792137145996,174.1837615966797,197.8900604248047,148.06402587890625
34,0.03392839431762695,-0.6972392201423645,2.653376579284668,1.1504671573638916,2.4090592861175537,174.1573486328125,197.9480438232422,148.02032470703125
35,0.03361916542053223,-0.6974282264709473,2.6535990238189697,1.1499344110488892,2.406700372695923,174.16622924804688,198.0987548828125,147.97547912597656
36,0.03366804122924805,-0.6975916624069214,2.6538026332855225,1.1502912044525146,2.407386541366577,174.09324645996094,198.20657348632812,147.93600463867188
37,0.03341412544250488,-0.6978645920753479,2.654949188232422,1.1512151956558228,2.405546188354492,174.08216857910156,198.32199096679688,147.90087890625
38,0.033414602279663086,-0.6981788873672485,2.6553537845611572,1.1536794900894165,2.4047818183898926,174.09982299804688,198.43882751464844,147.86578369140625
39,0.03349661827087402,-0.6983954906463623,2.651203155517578,1.1569924354553223,2.409727096557617,174.09115600585938,198.53927612304688,147.8280029296875
40,0.033565521240234375,-0.698834240436554,2.653545379638672,1.1565089225769043,2.4081592559814453,174.01426696777344,198.684814453125,147.7845458984375
41,0.03337526321411133,-0.6990149021148682,2.6536617279052734,1.159094214439392,2.407031536102295,173.97618103027344,198.8304901123047,147.745849609375
42,0.03367185592651367,-0.6992735862731934,2.6499598026275635,1.1584739685058594,2.410519599914551,173.93870544433594,198.93829345703125,147.7147674560547
43,0.03351140022277832,-0.6994777917861938,2.652708053588867,1.1575002670288086,2.4080934524536133,173.90972900390625,199.08103942871094,147.68959045410156
44,0.033211469650268555,-0.6997076869010925,2.65102219581604,1.1596062183380127,2.409660816192627,173.90394592285156,199.15875244140625,147.65826416015625
45,0.03393745422363281,-0.6998664736747742,2.650150775909424,1.1583918333053589,2.4090654850006104,173.8946075439453,199.27120971679688,147.6349334716797
46,0.033386945724487305,-0.7000679969787598,2.648813247680664,1.1583489179611206,2.4101176261901855,173.84970092773438,199.35833740234375,147.61477661132812
47,0.03334784507751465,-0.70039302110672,2.6472177505493164,1.15977144241333,2.4115192890167236,173.8274383544922,199.48106384277344,147.59788513183594
48,0.03313755989074707,-0.7004987001419067,2.6435141563415527,1.1603155136108398,2.4147560596466064,173.75389099121094,199.57154846191406,147.57960510253906
49,0.033258676528930664,-0.7006947994232178,2.643758535385132,1.158816933631897,2.414166212081909,173.7061004638672,199.70375061035156,147.5604705810547
50,0.03327465057373047,-0.7008912563323975,2.6425628662109375,1.1619482040405273,2.415024757385254,173.6552734375,199.82789611816406,147.55078125
51,0.03355908393859863,-0.7009912133216858,2.6415281295776367,1.1610299348831177,2.4152820110321045,173.6748046875,199.89669799804688,147.52894592285156
52,0.0333867073059082,-0.7011385560035706,2.640501022338867,1.1609687805175781,2.415046453475952,173.66506958007812,200.00115966796875,147.50814819335938
53,0.033379554748535156,-0.7012545466423035,2.6394641399383545,1.1627154350280762,2.415593385696411,173.66360473632812,200.08871459960938,147.49021911621094
54,0.03454279899597168,-0.7011668086051941,2.629892349243164,1.1627411842346191,2.419480323791504,173.58013916015625,200.1295166015625,147.47848510742188
55,0.03315401077270508,-0.7013256549835205,2.6340584754943848,1.1648945808410645,2.416480541229248,173.643798828125,200.19053649902344,147.4569854736328
56,0.03401041030883789,-0.7013764977455139,2.6305880546569824,1.1622658967971802,2.419321298599243,173.55943298339844,200.30764770507812,147.444091796875
57,0.033379554748535156,-0.7013209462165833,2.6291003227233887,1.1630244255065918,2.420348882675171,173.57493591308594,200.34580993652344,147.431884765625
58,0.033559322357177734,-0.7014138102531433,2.6295645236968994,1.1648519039154053,2.4193625450134277,173.62057495117188,200.4197235107422,147.4252471923828
59,0.03375530242919922,-0.7014949917793274,2.6293981075286865,1.164631724357605,2.418825387954712,173.62615966796875,200.4915771484375,147.4140167236328
60,0.03363347053527832,-0.7016986012458801,2.631723403930664,1.163104772567749,2.4171156883239746,173.6723175048828,200.54379272460938,147.4060821533203
61,0.033536672592163086,-0.7017170786857605,2.6316280364990234,1.1633167266845703,2.4175620079040527,173.68182373046875,200.58970642089844,147.4011688232422
62,0.0334012508392334,-0.7018576860427856,2.6341168880462646,1.1606394052505493,2.4152908325195312,173.7350616455078,200.63291931152344,147.39865112304688
63,0.03390622138977051,-0.7019367814064026,2.6337311267852783,1.1590187549591064,2.414370536804199,173.7979278564453,200.68118286132812,147.3950653076172
64,0.033835411071777344,-0.7020142674446106,2.6319124698638916,1.1609196662902832,2.4137277603149414,173.7838134765625,200.7606964111328,147.3896484375
65,0.03362894058227539,-0.7021583914756775,2.633251667022705,1.1561540365219116,2.4107789993286133,173.8291778564453,200.86431884765625,147.38882446289062
66,0.033632755279541016,-0.7022773027420044,2.632699728012085,1.1592133045196533,2.4097330570220947,173.861328125,200.94432067871094,147.39117431640625
67,0.03326892852783203,-0.7023541927337646,2.6313040256500244,1.158357858657837,2.4092462062835693,173.89476013183594,200.98793029785156,147.37559509277344
68,0.033670902252197266,-0.702406108379364,2.6316301822662354,1.160780429840088,2.408015489578247,173.94227600097656,201.0692596435547,147.3648681640625
69,0.033471107482910156,-0.7024704217910767,2.630434513092041,1.1614935398101807,2.4077470302581787,173.92161560058594,201.10406494140625,147.35142517089844
70,0.03352069854736328,-0.7024390697479248,2.628505229949951,1.1613472700119019,2.4080123901367188,173.93060302734375,201.16168212890625,147.342041015625
71,0.03359246253967285,-0.7025972008705139,2.628873109817505,1.1591181755065918,2.4063546657562256,173.93592834472656,201.20904541015625,147.33522033691406
72,0.03335690498352051,-0.702670693397522,2.627183198928833,1.1584042310714722,2.4057974815368652,173.92950439453125,201.28038024902344,147.31979370117188
73,0.035286664962768555,-0.7027606964111328,2.628526210784912,1.157889723777771,2.4033851623535156,173.92543029785156,201.37008666992188,147.30015563964844
74,0.03397727012634277,-0.7027971744537354,2.626359701156616,1.1578153371810913,2.4038283824920654,173.89996337890625,201.38400268554688,147.29605102539062
75,0.03346085548400879,-0.7028511762619019,2.6263949871063232,1.1590079069137573,2.402656078338623,173.87876892089844,201.41827392578125,147.28746032714844
76,0.03335165977478027,-0.7028993964195251,2.6253907680511475,1.1588083505630493,2.4022910594940186,173.86773681640625,201.46424865722656,147.27969360351562
77,0.03358125686645508,-0.7027376890182495,2.626884937286377,1.1574839353561401,2.399007797241211,173.89224243164062,201.51812744140625,147.27438354492188
78,0.03367447853088379,-0.7029887437820435,2.6225855350494385,1.1579136848449707,2.4017717838287354,173.86065673828125,201.5333251953125,147.27828979492188
79,0.03365159034729004,-0.7030583024024963,2.6218409538269043,1.1574288606643677,2.4013988971710205,173.8497314453125,201.58566284179688,147.26736450195312
80,0.0335996150970459,-0.7030689716339111,2.621739387512207,1.156848430633545,2.4001708030700684,173.8554229736328,201.67356872558594,147.2650146484375
81,0.03340792655944824,-0.7030484676361084,2.6203794479370117,1.158251404762268,2.4013044834136963,173.8507080078125,201.68397521972656,147.25975036621094
82,0.03383350372314453,-0.7030940651893616,2.621598243713379,1.156924843788147,2.4001731872558594,173.808349609375,201.7059326171875,147.25091552734375
83,0.03366851806640625,-0.7029502987861633,2.6189303398132324,1.156033992767334,2.401900291442871,173.79421997070312,201.7428436279297,147.2491912841797
84,0.03362274169921875,-0.7028513550758362,2.6253082752227783,1.1557362079620361,2.3935351371765137,173.84857177734375,201.86077880859375,147.25112915039062
85,0.03388476371765137,-0.7029605507850647,2.621796131134033,1.154815673828125,2.3950271606445312,173.8597412109375,201.9332275390625,147.2563934326172
86,0.033434391021728516,-0.7030834555625916,2.6200339794158936,1.1588985919952393,2.394824981689453,173.83912658691406,201.98602294921875,147.26461791992188
87,0.03358268737792969,-0.7031103372573853,2.620997667312622,1.1581312417984009,2.3931033611297607,173.85118103027344,202.01744079589844,147.26438903808594
88,0.03338170051574707,-0.703231155872345,2.615757465362549,1.1577993631362915,2.396181344985962,173.83389282226562,202.07965087890625,147.26602172851562
89,0.033507347106933594,-0.7031058669090271,2.6190388202667236,1.1536459922790527,2.3931097984313965,173.89346313476562,202.11192321777344,147.26046752929688
90,0.0336458683013916,-0.7031750679016113,2.6161680221557617,1.1569082736968994,2.393928289413452,173.88912963867188,202.1361846923828,147.2690887451172
91,0.033438920974731445,-0.7033159136772156,2.6139609813690186,1.1578584909439087,2.3956117630004883,173.8965606689453,202.1636962890625,147.2718048095703
92,0.03354072570800781,-0.7033783197402954,2.611903667449951,1.1577926874160767,2.3977348804473877,173.8840789794922,202.21636962890625,147.2695770263672
93,0.03367805480957031,-0.7033106684684753,2.6148648262023926,1.1595678329467773,2.3951456546783447,173.91839599609375,202.29872131347656,147.27064514160156
94,0.033280372619628906,-0.7033128142356873,2.617011547088623,1.1580464839935303,2.394174814224243,173.96044921875,202.32752990722656,147.267333984375
95,0.033653974533081055,-0.7033500075340271,2.6174097061157227,1.1587281227111816,2.3933017253875732,173.95262145996094,202.3923797607422,147.27041625976562
96,0.03342080116271973,-0.7033817172050476,2.6152853965759277,1.1590936183929443,2.395242929458618,173.95501708984375,202.41506958007812,147.26318359375
97,0.03351616859436035,-0.7034671306610107,2.6147778034210205,1.1584362983703613,2.3964781761169434,173.95660400390625,202.47833251953125,147.26405334472656
98,0.03360319137573242,-0.7036895155906677,2.6122183799743652,1.159924864768982,2.399322271347046,173.96145629882812,202.5453643798828,147.26390075683594
99,0.03343057632446289,-0.7037761807441711,2.6119461059570312,1.1616754531860352,2.3992321491241455,173.96762084960938,202.63394165039062,147.28204345703125
100,0.03380846977233887,-0.7037959694862366,2.6129910945892334,1.1614046096801758,2.398646831512451,173.98448181152344,202.67724609375,147.29562377929688
101,0.03378176689147949,-0.7038558125495911,2.6115126609802246,1.163139820098877,2.4000706672668457,173.97311401367188,202.71231079101562,147.30569458007812
102,0.0332489013671875,-0.703825831413269,2.6089131832122803,1.1654176712036133,2.4032857418060303,173.9928741455078,202.75282287597656,147.30520629882812
103,0.03384804725646973,-0.703983724117279,2.60802960395813,1.1660619974136353,2.4041099548339844,173.9503631591797,202.84715270996094,147.2996368408203
104,0.03322172164916992,-0.7039244174957275,2.616096019744873,1.1655347347259521,2.3966410160064697,173.96658325195312,202.97866821289062,147.29824829101562
105,0.03377985954284668,-0.704059898853302,2.6151976585388184,1.1679695844650269,2.398444414138794,173.91629028320312,203.05796813964844,147.29502868652344
106,0.033829689025878906,-0.7041518092155457,2.614873170852661,1.1676138639450073,2.4003427028656006,173.93528747558594,203.12228393554688,147.29824829101562
107,0.0336458683013916,-0.7044199705123901,2.6126372814178467,1.168222427368164,2.4033572673797607,173.8873748779297,203.1880645751953,147.30535888671875
108,0.03365325927734375,-0.7046305537223816,2.6102476119995117,1.1703964471817017,2.40476131439209,173.86001586914062,203.2425994873047,147.30667114257812
109,0.03337216377258301,-0.7046740055084229,2.6097123622894287,1.1683872938156128,2.4049131870269775,173.8106231689453,203.3429718017578,147.3057403564453
110,0.03376054763793945,-0.704584002494812,2.6125574111938477,1.1689045429229736,2.402139186859131,173.76612854003906,203.42567443847656,147.30433654785156
111,0.03396105766296387,-0.704823911190033,2.610701322555542,1.1710513830184937,2.403287410736084,173.7589569091797,203.48300170898438,147.3043975830078
112,0.034047842025756836,-0.7049171924591064,2.6095402240753174,1.1715271472930908,2.4046247005462646,173.72872924804688,203.5489501953125,147.313720703125
113,0.033782243728637695,-0.7049359083175659,2.6082143783569336,1.1737968921661377,2.405712604522705,173.6820526123047,203.58795166015625,147.3213653564453
114,0.03368878364562988,-0.7049739360809326,2.609699249267578,1.1732228994369507,2.4031877517700195,173.65322875976562,203.62991333007812,147.3131866455078
115,0.03358101844787598,-0.7049757242202759,2.610011577606201,1.1720657348632812,2.4035444259643555,173.6374969482422,203.65850830078125,147.3142547607422
116,0.03337550163269043,-0.7050244212150574,2.60886287689209,1.1738594770431519,2.403592348098755,173.62527465820312,203.70388793945312,147.3146209716797
117,0.033925533294677734,-0.7049900889396667,2.6066336631774902,1.1723828315734863,2.405947208404541,173.5858612060547,203.71202087402344,147.30506896972656
118,0.03335762023925781,-0.7049888968467712,2.602184772491455,1.1744370460510254,2.409200429916382,173.48529052734375,203.74130249023438,147.30615234375
119,0.033354997634887695,-0.7049733400344849,2.601825475692749,1.1734687089920044,2.4104385375976562,173.46876525878906,203.7812957763672,147.30384826660156
120,0.03352642059326172,-0.7050213813781738,2.6043431758880615,1.1745328903198242,2.408811092376709,173.4629364013672,203.82980346679688,147.2981414794922
121,0.03330826759338379,-0.7051356434822083,2.6085357666015625,1.1725832223892212,2.40472149848938,173.47068786621094,203.88861083984375,147.29171752929688
122,0.03350543975830078,-0.7051630020141602,2.612274408340454,1.1732784509658813,2.4013078212738037,173.49124145507812,203.95025634765625,147.28573608398438
123,0.03386378288269043,-0.7052338719367981,2.610220193862915,1.1761654615402222,2.4022679328918457,173.4740447998047,204.00672912597656,147.28866577148438
124,0.03378152847290039,-0.7052403092384338,2.6101064682006836,1.1766760349273682,2.4023289680480957,173.45326232910156,204.06858825683594,147.2873992919922
125,0.033631324768066406,-0.7052509784698486,2.611293077468872,1.1748318672180176,2.4019935131073,173.46701049804688,204.0894012451172,147.2864532470703
126,0.03326129913330078,-0.7053112983703613,2.6103105545043945,1.1742182970046997,2.402615785598755,173.44232177734375,204.1125946044922,147.28736877441406
127,0.03354978561401367,-0.7052629590034485,2.6112637519836426,1.172179937362671,2.4023025035858154,173.4424285888672,204.13555908203125,147.2901611328125
128,0.033292531967163086,-0.7052956819534302,2.6130075454711914,1.1735402345657349,2.4001429080963135,173.44180297851562,204.17051696777344,147.29359436035156
129,0.03365349769592285,-0.7053143978118896,2.6112608909606934,1.175843358039856,2.4011220932006836,173.43125915527344,204.20343017578125,147.30348205566406
130,0.033638715744018555,-0.7053483724594116,2.6101021766662598,1.1764037609100342,2.4023616313934326,173.39976501464844,204.223388671875,147.3170928955078
131,0.03344559669494629,-0.7053917050361633,2.6103718280792236,1.176558017730713,2.4018325805664062,173.37106323242188,204.283203125,147.3297576904297
132,0.03344893455505371,-0.7053830623626709,2.610036849975586,1.178920030593872,2.4033687114715576,173.3414764404297,204.31396484375,147.33665466308594
133,0.03361392021179199,-0.7053987979888916,2.6098859310150146,1.1783809661865234,2.4031527042388916,173.31336975097656,204.3208770751953,147.3244171142578
134,0.033418893814086914,-0.7054154276847839,2.608604669570923,1.1792011260986328,2.4045979976654053,173.27452087402344,204.322265625,147.31639099121094
135,0.03370785713195801,-0.7054054737091064,2.6091418266296387,1.179413080215454,2.402784824371338,173.26698303222656,204.35987854003906,147.3022918701172
136,0.033751487731933594,-0.7054739594459534,2.6082677841186523,1.1803110837936401,2.40360164642334,173.25367736816406,204.36474609375,147.29139709472656
137,0.03357076644897461,-0.7055533528327942,2.6096699237823486,1.1822954416275024,2.4014768600463867,173.27557373046875,204.4566192626953,147.27578735351562
138,0.03346991539001465,-0.7055535912513733,2.610262155532837,1.1830967664718628,2.400988817214966,173.2569122314453,204.4513702392578,147.27235412597656
139,0.033286094665527344,-0.7055807709693909,2.609708309173584,1.1836048364639282,2.4011971950531006,173.2394561767578,204.4712677001953,147.26939392089844
140,0.033478498458862305,-0.7055526375770569,2.6109676361083984,1.183579444885254,2.399890661239624,173.21368408203125,204.48863220214844,147.26870727539062
141,0.033387184143066406,-0.7055662870407104,2.6104395389556885,1.1841020584106445,2.401014804840088,173.23684692382812,204.46212768554688,147.27024841308594
142,0.03322434425354004,-0.7055850625038147,2.610419750213623,1.1840711832046509,2.4008238315582275,173.2008514404297,204.49722290039062,147.27169799804688
143,0.03316831588745117,-0.7055683135986328,2.6116437911987305,1.1840001344680786,2.3995959758758545,173.21328735351562,204.5274200439453,147.27362060546875
144,0.03343319892883301,-0.7053455710411072,2.6217634677886963,1.196391224861145,2.399092674255371,173.260009765625,204.7710723876953,147.27780151367188
145,0.0330662727355957,-0.7054498791694641,2.624138116836548,1.1904538869857788,2.3974151611328125,173.21665954589844,204.7816925048828,147.28221130371094
146,0.03324389457702637,-0.7055893540382385,2.6221842765808105,1.1888927221298218,2.399350643157959,173.16036987304688,204.78314208984375,147.2835235595703
147,0.033484697341918945,-0.705679714679718,2.621565580368042,1.1868345737457275,2.3986995220184326,173.1509552001953,204.7897491455078,147.28292846679688
148,0.03330254554748535,-0.70554518699646,2.6192739009857178,1.189134955406189,2.401146650314331,173.11514282226562,204.77047729492188,147.2757110595703
149,0.03377509117126465,-0.7056636810302734,2.617978572845459,1.1862729787826538,2.4013099670410156,173.0893096923828,204.79397583007812,147.2763671875
150,0.03318929672241211,-0.7056639194488525,2.6173055171966553,1.1870101690292358,2.401233434677124,173.1052703857422,204.81161499023438,147.27781677246094
151,0.03354001045227051,-0.7057181596755981,2.616530656814575,1.1870511770248413,2.401768207550049,173.07398986816406,204.8547821044922,147.28387451171875
152,0.03327655792236328,-0.7057425379753113,2.6163060665130615,1.187195897102356,2.4024369716644287,173.0343475341797,204.89053344726562,147.2882080078125
153,0.033267974853515625,-0.70577073097229,2.616741180419922,1.1873295307159424,2.4017410278320312,173.01171875,204.96231079101562,147.29505920410156
154,0.033156394958496094,-0.7058002352714539,2.6171300411224365,1.1850332021713257,2.4006924629211426,172.99496459960938,204.97801208496094,147.30047607421875
155,0.0332949161529541,-0.7058542966842651,2.6177163124084473,1.1827553510665894,2.399533271789551,172.97511291503906,205.03964233398438,147.29864501953125
156,0.033539772033691406,-0.7058797478675842,2.6167845726013184,1.1837087869644165,2.4002439975738525,172.96995544433594,205.0696258544922,147.3038330078125
157,0.03342700004577637,-0.7058660984039307,2.616987466812134,1.1837009191513062,2.3994641304016113,172.98947143554688,205.08731079101562,147.3060760498047
158,0.03348183631896973,-0.705869197845459,2.617929697036743,1.1819909811019897,2.397825002670288,172.967529296875,205.1141815185547,147.30758666992188
159,0.033637285232543945,-0.7058942914009094,2.617094039916992,1.1803686618804932,2.3984057903289795,172.97723388671875,205.11837768554688,147.3109130859375
160,0.033800601959228516,-0.7059122323989868,2.618272542953491,1.1789242029190063,2.397862672805786,172.992919921875,205.19195556640625,147.31491088867188
161,0.03426313400268555,-0.7059341669082642,2.617196559906006,1.1794607639312744,2.398710012435913,172.99710083007812,205.22225952148438,147.33099365234375
162,0.03342294692993164,-0.7059428691864014,2.616558790206909,1.1805099248886108,2.399115800857544,172.991943359375,205.25047302246094,147.34011840820312
163,0.033411264419555664,-0.7058956027030945,2.617891311645508,1.1815816164016724,2.3973069190979004,172.97889709472656,205.259765625,147.3468475341797
164,0.03333592414855957,-0.705941915512085,2.6149778366088867,1.1805810928344727,2.399973154067993,172.9801788330078,205.27203369140625,147.3480224609375
165,0.033468008041381836,-0.7058281302452087,2.6117584705352783,1.1809474229812622,2.4016244411468506,172.95355224609375,205.27499389648438,147.35745239257812
166,0.033568382263183594,-0.7059491276741028,2.6124753952026367,1.182902455329895,2.40000581741333,173.02015686035156,205.32760620117188,147.37185668945312
167,0.03355693817138672,-0.7060233950614929,2.6131885051727295,1.182261347770691,2.398155927658081,173.01840209960938,205.37417602539062,147.37307739257812
168,0.03308844566345215,-0.7059614062309265,2.6152148246765137,1.181954026222229,2.395749807357788,173.03237915039062,205.43173217773438,147.3725128173828
169,0.0331881046295166,-0.7060247659683228,2.612678289413452,1.1793837547302246,2.397860288619995,173.00628662109375,205.4415740966797,147.3707733154297
170,0.03337979316711426,-0.7060109972953796,2.6123762130737305,1.1785013675689697,2.3986144065856934,172.99595642089844,205.49700927734375,147.38499450683594
171,0.03349041938781738,-0.7060799598693848,2.6130619049072266,1.1811898946762085,2.3970773220062256,173.03152465820312,205.5388946533203,147.3980712890625
172,0.03359556198120117,-0.7060969471931458,2.6123669147491455,1.1813346147537231,2.3964743614196777,173.04287719726562,205.55960083007812,147.39854431152344
173,0.034284114837646484,-0.7060970664024353,2.611612558364868,1.1823678016662598,2.397108793258667,173.04335021972656,205.57420349121094,147.39996337890625
174,0.03424072265625,-0.7061053514480591,2.6117753982543945,1.1807405948638916,2.396376609802246,173.04302978515625,205.63638305664062,147.40106201171875
175,0.033371925354003906,-0.7060644626617432,2.612551212310791,1.1815342903137207,2.395233631134033,173.1150360107422,205.63037109375,147.40072631835938
176,0.033167362213134766,-0.7060760855674744,2.612534761428833,1.1801583766937256,2.394915819168091,173.0948486328125,205.63211059570312,147.3999786376953
177,0.03343605995178223,-0.7060624957084656,2.612809896469116,1.1811373233795166,2.3941378593444824,173.07870483398438,205.6459197998047,147.39913940429688
178,0.03352069854736328,-0.7061063051223755,2.6114792823791504,1.1789976358413696,2.3961174488067627,173.06443786621094,205.6266326904297,147.40245056152344
179,0.033597469329833984,-0.7061071395874023,2.611807107925415,1.1790565252304077,2.395977735519409,173.0787353515625,205.62765502929688,147.41204833984375
180,0.033234357833862305,-0.7060701847076416,2.609879970550537,1.178742527961731,2.397839069366455,173.07322692871094,205.6273651123047,147.41798400878906
181,0.03346085548400879,-0.7061272263526917,2.6101584434509277,1.1823782920837402,2.3966360092163086,173.06663513183594,205.6478729248047,147.43032836914062
182,0.033598899841308594,-0.7061365246772766,2.609697103500366,1.1798683404922485,2.3967196941375732,173.0354461669922,205.67730712890625,147.4320831298828
183,0.03323769569396973,-0.706057071685791,2.6113483905792236,1.1780834197998047,2.3944883346557617,173.03372192382812,205.68638610839844,147.44200134277344
184,0.033449411392211914,-0.7061206102371216,2.610079765319824,1.1791578531265259,2.39691424369812,173.04022216796875,205.66114807128906,147.4552764892578
185,0.03360724449157715,-0.7061271071434021,2.610109329223633,1.1814296245574951,2.3970541954040527,173.04025268554688,205.6858673095703,147.46630859375
186,0.0332942008972168,-0.7060755491256714,2.6113505363464355,1.1834079027175903,2.395735263824463,173.05848693847656,205.66552734375,147.46670532226562
187,0.03346681594848633,-0.706117570400238,2.6098439693450928,1.1826744079589844,2.3970940113067627,173.0248260498047,205.66763305664062,147.47357177734375
188,0.033754825592041016,-0.7060924768447876,2.611372470855713,1.1812729835510254,2.395367383956909,172.9904022216797,205.7246856689453,147.47671508789062
189,0.033846139907836914,-0.7060762643814087,2.6084959506988525,1.1825029850006104,2.397456645965576,172.97064208984375,205.7384490966797,147.47564697265625
190,0.033545494079589844,-0.7061265707015991,2.610142946243286,1.186349630355835,2.394512891769409,172.9993133544922,205.79046630859375,147.48252868652344
191,0.03331136703491211,-0.7061519026756287,2.6098690032958984,1.1846332550048828,2.3951573371887207,172.98550415039062,205.8207244873047,147.49203491210938
192,0.03393054008483887,-0.7061653137207031,2.6081109046936035,1.1831350326538086,2.39650297164917,173.00360107421875,205.8174285888672,147.50228881835938
193,0.033308982849121094,-0.7060528993606567,2.6109724044799805,1.1855509281158447,2.3932089805603027,173.0072021484375,205.83706665039062,147.50778198242188
194,0.033399343490600586,-0.7060028314590454,2.611860990524292,1.1830006837844849,2.3926191329956055,172.9669952392578,205.82058715820312,147.51673889160156
195,0.03351902961730957,-0.7061824202537537,2.6095638275146484,1.1850569248199463,2.395831346511841,172.9303436279297,205.80767822265625,147.521240234375
196,0.033310651779174805,-0.7061485648155212,2.607304096221924,1.1862711906433105,2.3981516361236572,172.93429565429688,205.8251495361328,147.53538513183594
197,0.03337550163269043,-0.7062315940856934,2.6072874069213867,1.1866034269332886,2.3966214656829834,172.92666625976562,205.88832092285156,147.54052734375
198,0.03356218338012695,-0.7062188982963562,2.61011004447937,1.1883257627487183,2.394979476928711,172.9169158935547,206.06610107421875,147.5446014404297
199,0.03340482711791992,-0.7063271999359131,2.608147144317627,1.186692476272583,2.3961968421936035,172.88595581054688,206.1225128173828,147.54742431640625
200,0.033333778381347656,-0.7062788009643555,2.6082403659820557,1.1858075857162476,2.395130157470703,172.89141845703125,206.1618194580078,147.55117797851562
201,0.0335690975189209,-0.706287682056427,2.604677200317383,1.1877033710479736,2.3984322547912598,172.86068725585938,206.17169189453125,147.55824279785156
202,0.03353571891784668,-0.706307053565979,2.6033778190612793,1.1900829076766968,2.398413896560669,172.8577117919922,206.20875549316406,147.5685577392578
203,0.03317713737487793,-0.7064007520675659,2.6060476303100586,1.19175386428833,2.395469903945923,172.89825439453125,206.2404327392578,147.58660888671875
204,0.03352928161621094,-0.7064863443374634,2.604492664337158,1.1910679340362549,2.395359992980957,172.90098571777344,206.28237915039062,147.57748413085938
205,0.03313565254211426,-0.7065044045448303,2.6038010120391846,1.1915501356124878,2.395671844482422,172.9026641845703,206.3028564453125,147.57102966308594
206,0.033568382263183594,-0.7064570188522339,2.602853536605835,1.190271258354187,2.3962414264678955,172.87989807128906,206.3218536376953,147.56732177734375
207,0.033635616302490234,-0.7065131068229675,2.6038124561309814,1.1915230751037598,2.3959240913391113,172.9024658203125,206.34107971191406,147.5709991455078
208,0.033625125885009766,-0.7063567042350769,2.601712226867676,1.1903495788574219,2.397740125656128,172.86978149414062,206.33816528320312,147.56399536132812
209,0.0334475040435791,-0.7064743638038635,2.603809356689453,1.190892219543457,2.394035816192627,172.92263793945312,206.38758850097656,147.56900024414062
210,0.03326296806335449,-0.7064219117164612,2.6010851860046387,1.1924664974212646,2.396437644958496,172.90870666503906,206.3626251220703,147.5636749267578
211,0.033441781997680664,-0.7064182162284851,2.6013457775115967,1.1939139366149902,2.3956313133239746,172.91307067871094,206.3925018310547,147.55979919433594
212,0.03356289863586426,-0.7064903974533081,2.6002326011657715,1.191051959991455,2.395578384399414,172.9329376220703,206.43214416503906,147.54803466796875
213,0.033315181732177734,-0.7065585255622864,2.601297378540039,1.1900655031204224,2.393796443939209,172.93443298339844,206.49325561523438,147.5465545654297
214,0.03331589698791504,-0.7064878940582275,2.5973219871520996,1.1906013488769531,2.3964669704437256,173.0016326904297,206.5706329345703,147.54676818847656
215,0.03326892852783203,-0.7065213322639465,2.5983119010925293,1.192193627357483,2.3962135314941406,173.0272674560547,206.5634002685547,147.5465545654297
216,0.0333864688873291,-0.7065109014511108,2.597780466079712,1.1929373741149902,2.396138906478882,173.01979064941406,206.5796356201172,147.5464630126953
217,0.033490896224975586,-0.7064974904060364,2.596309185028076,1.194191813468933,2.39639949798584,173.02442932128906,206.5998077392578,147.54673767089844
218,0.03376030921936035,-0.7065160870552063,2.5995492935180664,1.1930309534072876,2.3921282291412354,173.0665740966797,206.65505981445312,147.55319213867188
219,0.03372979164123535,-0.7065533995628357,2.598437547683716,1.1929974555969238,2.393819570541382,173.0631561279297,206.6588134765625,147.54598999023438
220,0.03293037414550781,-0.7065461874008179,2.599167823791504,1.193088412284851,2.3928775787353516,173.0848388671875,206.66543579101562,147.5369110107422
221,0.03332829475402832,-0.7065548300743103,2.5983457565307617,1.1920833587646484,2.3940398693084717,173.11546325683594,206.58612060546875,147.53167724609375
222,0.03321504592895508,-0.7064622640609741,2.600862741470337,1.1918247938156128,2.391707181930542,173.146240234375,206.6127471923828,147.52120971679688
223,0.0332636833190918,-0.7065672874450684,2.5986151695251465,1.1910744905471802,2.392958641052246,173.1182403564453,206.64495849609375,147.51226806640625
224,0.0335993766784668,-0.7065867781639099,2.5989162921905518,1.1894029378890991,2.392949104309082,173.1175994873047,206.6454315185547,147.5071258544922
225,0.032975196838378906,-0.7065258622169495,2.596095085144043,1.1896350383758545,2.39534068107605,173.0866241455078,206.68954467773438,147.51239013671875
226,0.03342080116271973,-0.7065410017967224,2.5945725440979004,1.1908376216888428,2.396059989929199,173.08583068847656,206.74269104003906,147.523193359375
227,0.03369402885437012,-0.7066041231155396,2.5978217124938965,1.1889338493347168,2.392441511154175,173.12896728515625,206.77720642089844,147.53030395507812
228,0.03362298011779785,-0.7066512107849121,2.598243474960327,1.1882232427597046,2.3938136100769043,173.15252685546875,206.79100036621094,147.53805541992188
229,0.0334017276763916,-0.7065187096595764,2.595446825027466,1.1896775960922241,2.3977105617523193,173.1099395751953,206.79299926757812,147.54893493652344
230,0.033312320709228516,-0.7066173553466797,2.5970356464385986,1.1914063692092896,2.394846200942993,173.1501922607422,206.82785034179688,147.55545043945312
231,0.03334856033325195,-0.706473708152771,2.5931761264801025,1.1934585571289062,2.3982818126678467,173.1455535888672,206.83377075195312,147.55203247070312
232,0.033585309982299805,-0.7065441012382507,2.5949578285217285,1.1980549097061157,2.3970322608947754,173.2576446533203,206.82598876953125,147.56961059570312
233,0.033278703689575195,-0.7065356373786926,2.596652030944824,1.1961642503738403,2.3956611156463623,173.28140258789062,206.84490966796875,147.57337951660156
234,0.033293724060058594,-0.7065713405609131,2.5948410034179688,1.1949727535247803,2.396833896636963,173.27024841308594,206.8427276611328,147.58450317382812
235,0.03330826759338379,-0.706606924533844,2.59429931640625,1.194342851638794,2.3972482681274414,173.23731994628906,206.89137268066406,147.59136962890625
236,0.03336977958679199,-0.7064523696899414,2.5929248332977295,1.1972357034683228,2.3990097045898438,173.23013305664062,206.88864135742188,147.59881591796875
237,0.03355979919433594,-0.7065349221229553,2.5941812992095947,1.1973360776901245,2.39762806892395,173.21572875976562,206.9149169921875,147.6162109375
238,0.03342437744140625,-0.7064897418022156,2.6000783443450928,1.1901869773864746,2.3924481868743896,173.25367736816406,206.95396423339844,147.6254119873047
239,0.0332639217376709,-0.7066211700439453,2.5987541675567627,1.1915842294692993,2.3944239616394043,173.2142333984375,206.9800262451172,147.62518310546875
240,0.033461809158325195,-0.7066493034362793,2.59832763671875,1.192665934562683,2.3950228691101074,173.22247314453125,207.0060272216797,147.6332550048828
241,0.03356671333312988,-0.7066603899002075,2.5989999771118164,1.191826343536377,2.394989013671875,173.21949768066406,207.0437469482422,147.64500427246094
242,0.03358006477355957,-0.7066625356674194,2.5996265411376953,1.1930177211761475,2.3954920768737793,173.23895263671875,207.04107666015625,147.6562957763672
243,0.033498287200927734,-0.7066918611526489,2.599632740020752,1.1922671794891357,2.396012544631958,173.2169952392578,207.07752990722656,147.67555236816406
244,0.03334379196166992,-0.7066272497177124,2.6013240814208984,1.1925386190414429,2.3944711685180664,173.23329162597656,207.11131286621094,147.69482421875
245,0.03331708908081055,-0.7066674828529358,2.599862575531006,1.195610523223877,2.3976922035217285,173.21669006347656,207.06736755371094,147.71163940429688
246,0.033537864685058594,-0.7067374587059021,2.600956678390503,1.193097472190857,2.3979506492614746,173.19512939453125,207.1251678466797,147.7218017578125
247,0.0335538387298584,-0.7068126797676086,2.5996057987213135,1.1932367086410522,2.3996293544769287,173.17649841308594,207.20556640625,147.74057006835938
248,0.03347420692443848,-0.7067812085151672,2.6014583110809326,1.1912733316421509,2.3986518383026123,173.17550659179688,207.2568817138672,147.74917602539062
249,0.033724069595336914,-0.7065612077713013,2.60617733001709,1.1917804479599,2.396697998046875,173.18077087402344,207.27243041992188,147.76905822753906
250,0.033624887466430664,-0.7068914771080017,2.6039700508117676,1.194529414176941,2.3998031616210938,173.16632080078125,207.29766845703125,147.7816925048828
251,0.03339505195617676,-0.7069257497787476,2.605539560317993,1.1953926086425781,2.3997106552124023,173.1492156982422,207.3647003173828,147.79576110839844
252,0.03328204154968262,-0.7069926857948303,2.6038990020751953,1.1943235397338867,2.4022722244262695,173.1448516845703,207.3870849609375,147.81448364257812
253,0.03342914581298828,-0.7070316076278687,2.604482889175415,1.197400450706482,2.4027252197265625,173.12110900878906,207.47625732421875,147.83486938476562
254,0.03351640701293945,-0.7069612145423889,2.60140323638916,1.192393183708191,2.405041217803955,173.1017303466797,207.52174377441406,147.84521484375
255,0.03332233428955078,-0.7068406343460083,2.6075198650360107,1.1925568580627441,2.3992698192596436,173.19064331054688,207.6015625,147.86798095703125
256,0.03344988822937012,-0.7070355415344238,2.6065571308135986,1.1961640119552612,2.4012112617492676,173.22064208984375,207.66883850097656,147.89151000976562
257,0.03356361389160156,-0.7071660757064819,2.606290340423584,1.1943589448928833,2.4027392864227295,173.16477966308594,207.6609649658203,147.91307067871094
258,0.0339207649230957,-0.7072522640228271,2.604996681213379,1.194732904434204,2.4048640727996826,173.16773986816406,207.7056884765625,147.9334259033203
259,0.03347468376159668,-0.7069815397262573,2.6092982292175293,1.1915537118911743,2.4014475345611572,173.15826416015625,207.75498962402344,147.94918823242188
260,0.03331637382507324,-0.707287073135376,2.606590986251831,1.1928322315216064,2.404874086380005,173.1510467529297,207.7678985595703,147.9753875732422
261,0.03337359428405762,-0.7071942090988159,2.6033740043640137,1.1931523084640503,2.4086437225341797,173.1393280029297,207.79229736328125,147.98800659179688
262,0.03348588943481445,-0.707298755645752,2.6038167476654053,1.1920981407165527,2.408376455307007,173.19281005859375,207.82875061035156,148.00198364257812
263,0.033415794372558594,-0.7072708010673523,2.6038169860839844,1.193902611732483,2.409273147583008,173.23768615722656,207.8136749267578,148.01319885253906
264,0.03358650207519531,-0.7074310779571533,2.60567045211792,1.193331241607666,2.4082398414611816,173.30393981933594,207.88438415527344,148.02182006835938
265,0.03363633155822754,-0.7074337005615234,2.607224464416504,1.191601276397705,2.4077906608581543,173.3324737548828,207.90980529785156,148.03724670410156
266,0.0333554744720459,-0.7070705890655518,2.6112680435180664,1.1908286809921265,2.404909133911133,173.39694213867188,207.93984985351562,148.0577392578125
267,0.03321480751037598,-0.70710289478302,2.6116745471954346,1.189254641532898,2.405426502227783,173.4074249267578,207.95803833007812,148.081787109375
268,0.03415036201477051,-0.7071185111999512,2.612447738647461,1.1893571615219116,2.4060823917388916,173.39796447753906,207.99264526367188,148.10577392578125
269,0.033336639404296875,-0.7075050473213196,2.6098756790161133,1.189152717590332,2.409472942352295,173.36436462402344,207.98973083496094,148.12623596191406
270,0.03331279754638672,-0.7074836492538452,2.607146978378296,1.1908491849899292,2.4131553173065186,173.3451690673828,208.01072692871094,148.14736938476562
271,0.0333552360534668,-0.7076497673988342,2.6096208095550537,1.1902509927749634,2.4121880531311035,173.38693237304688,208.02110290527344,148.157470703125
272,0.03352785110473633,-0.7075484991073608,2.6104953289031982,1.1893353462219238,2.4099576473236084,173.41978454589844,208.1005859375,148.17445373535156
273,0.033437490463256836,-0.7073988914489746,2.606860637664795,1.1920000314712524,2.4149675369262695,173.3935546875,208.09368896484375,148.195068359375
274,0.03322243690490723,-0.7076518535614014,2.6103672981262207,1.1908332109451294,2.4106249809265137,173.42747497558594,208.154296875,148.1957244873047
275,0.03360629081726074,-0.7073548436164856,2.6060726642608643,1.1920281648635864,2.4157376289367676,173.38888549804688,208.14144897460938,148.22299194335938
276,0.033506155014038086,-0.7074781060218811,2.6060736179351807,1.1871988773345947,2.4137494564056396,173.39361572265625,208.2481689453125,148.22586059570312
277,0.03321218490600586,-0.7077099680900574,2.6085808277130127,1.1890175342559814,2.413327693939209,173.4435272216797,208.18734741210938,148.24258422851562
278,0.03468775749206543,-0.7075657248497009,2.611095666885376,1.1896642446517944,2.4107847213745117,173.48011779785156,208.2164764404297,148.25621032714844
279,0.034114837646484375,-0.7073366045951843,2.605281114578247,1.1931524276733398,2.4176125526428223,173.4494171142578,208.18875122070312,148.28195190429688
280,0.0338597297668457,-0.7074059844017029,2.6061134338378906,1.1917362213134766,2.4170451164245605,173.50772094726562,208.2013397216797,148.29583740234375
281,0.03340601921081543,-0.7073407769203186,2.605419874191284,1.1912158727645874,2.418412685394287,173.5418243408203,208.19589233398438,148.30377197265625
282,0.033834218978881836,-0.707393229007721,2.606731653213501,1.1925158500671387,2.4173624515533447,173.56927490234375,208.2180633544922,148.31793212890625
283,0.033280134201049805,-0.7077543139457703,2.6104021072387695,1.190931797027588,2.4133400917053223,173.57789611816406,208.21473693847656,148.33277893066406
284,0.03342294692993164,-0.707709014415741,2.6110594272613525,1.1886283159255981,2.413330078125,173.52891540527344,208.2244110107422,148.34844970703125
285,0.03354287147521973,-0.7077262997627258,2.61076283454895,1.188836932182312,2.413238286972046,173.53431701660156,208.246337890625,148.36317443847656
286,0.033403635025024414,-0.7075501084327698,2.6077961921691895,1.1884502172470093,2.4158458709716797,173.52218627929688,208.26913452148438,148.3790740966797
287,0.0334630012512207,-0.7073618769645691,2.614577531814575,1.1883111000061035,2.4109463691711426,173.57054138183594,208.3291778564453,148.38534545898438
288,0.03341555595397949,-0.7077297568321228,2.6101834774017334,1.189714789390564,2.4156811237335205,173.50901794433594,208.34864807128906,148.40077209472656
289,0.03355908393859863,-0.707527220249176,2.6136531829833984,1.1895935535430908,2.412446975708008,173.5078887939453,208.33319091796875,148.41160583496094
290,0.03332662582397461,-0.7077667117118835,2.6117374897003174,1.1929489374160767,2.4157254695892334,173.4627685546875,208.32203674316406,148.4095458984375
291,0.03379702568054199,-0.7077829837799072,2.61305570602417,1.1936455965042114,2.4146833419799805,173.4395294189453,208.36630249023438,148.42930603027344
292,0.033251285552978516,-0.7077993750572205,2.6137239933013916,1.1928783655166626,2.4149160385131836,173.41664123535156,208.3603515625,148.44747924804688
293,0.03385210037231445,-0.7078008651733398,2.6144442558288574,1.1925517320632935,2.4150002002716064,173.42437744140625,208.3654327392578,148.4586639404297
294,0.0333247184753418,-0.7078250050544739,2.614253044128418,1.1928261518478394,2.4167656898498535,173.4215545654297,208.33322143554688,148.46714782714844
295,0.03324627876281738,-0.7078152894973755,2.613896131515503,1.1911145448684692,2.4179892539978027,173.44505310058594,208.33473205566406,148.4784393310547
296,0.033380985260009766,-0.7078197598457336,2.6155920028686523,1.192613124847412,2.4163970947265625,173.46693420410156,208.35081481933594,148.49331665039062
297,0.03329324722290039,-0.7077846527099609,2.6141912937164307,1.1903053522109985,2.4183051586151123,173.42221069335938,208.34913635253906,148.50216674804688
298,0.03342270851135254,-0.7077110409736633,2.613110065460205,1.1919759511947632,2.419344902038574,173.42425537109375,208.35557556152344,148.51351928710938
299,0.033622026443481445,-0.7077404260635376,2.6165924072265625,1.1939061880111694,2.4153246879577637,173.44052124023438,208.4099578857422,148.5270233154297
300,0.03333616256713867,-0.7074889540672302,2.611919403076172,1.1953065395355225,2.4214470386505127,173.4132537841797,208.3994140625,148.5272216796875
301,0.03334331512451172,-0.7077518105506897,2.6145291328430176,1.1973901987075806,2.4183080196380615,173.3903350830078,208.42979431152344,148.54493713378906
302,0.033788442611694336,-0.7077804803848267,2.616250514984131,1.193471908569336,2.4159255027770996,173.38107299804688,208.432861328125,148.55157470703125
303,0.0331120491027832,-0.7077769041061401,2.6143157482147217,1.1908334493637085,2.418816089630127,173.3591766357422,208.44290161132812,148.54898071289062
304,0.033837080001831055,-0.7078363299369812,2.615978240966797,1.1918668746948242,2.418720245361328,173.4115753173828,208.40284729003906,148.5581817626953
305,0.03329133987426758,-0.7077968120574951,2.6153430938720703,1.1932461261749268,2.4194135665893555,173.38975524902344,208.3953094482422,148.5698699951172
306,0.03343343734741211,-0.7073131203651428,2.6201934814453125,1.19369637966156,2.4142158031463623,173.42269897460938,208.41493225097656,148.58544921875
307,0.03351736068725586,-0.7077895402908325,2.618041515350342,1.1938362121582031,2.4172940254211426,173.3873748779297,208.393798828125,148.58734130859375
308,0.03327441215515137,-0.7078076004981995,2.6186561584472656,1.192450761795044,2.418609380722046,173.43231201171875,208.3798065185547,148.58743286132812
309,0.03342247009277344,-0.707685649394989,2.615474224090576,1.1939042806625366,2.4216036796569824,173.39898681640625,208.37086486816406,148.58641052246094
310,0.03358912467956543,-0.7078436613082886,2.6179494857788086,1.1928726434707642,2.4187800884246826,173.4647216796875,208.42657470703125,148.59568786621094
311,0.03331351280212402,-0.7076357007026672,2.61439847946167,1.1937159299850464,2.4221365451812744,173.42169189453125,208.43988037109375,148.5950469970703
312,0.033727169036865234,-0.7075628638267517,2.619546890258789,1.1925702095031738,2.4170734882354736,173.4664306640625,208.468505859375,148.60545349121094
313,0.03363156318664551,-0.7077028155326843,2.615385055541992,1.1932419538497925,2.4223263263702393,173.44635009765625,208.42164611816406,148.602783203125
314,0.0333409309387207,-0.707868754863739,2.6169378757476807,1.1921449899673462,2.420419931411743,173.45339965820312,208.4698028564453,148.61199951171875
315,0.03393816947937012,-0.7077013254165649,2.6151487827301025,1.1922415494918823,2.4226186275482178,173.48501586914062,208.4819793701172,148.61587524414062
316,0.03337979316711426,-0.7075473666191101,2.620058536529541,1.1899034976959229,2.4177887439727783,173.51437377929688,208.4971923828125,148.62457275390625
317,0.033310890197753906,-0.7077322006225586,2.617642641067505,1.1879380941390991,2.4212656021118164,173.5010986328125,208.46678161621094,148.6155242919922
318,0.03359055519104004,-0.7078391909599304,2.6177875995635986,1.1913937330245972,2.420872449874878,173.4920196533203,208.47434997558594,148.61741638183594
319,0.03359580039978027,-0.7077089548110962,2.6155285835266113,1.1921327114105225,2.4227731227874756,173.4868927001953,208.47781372070312,148.6230926513672
320,0.033847808837890625,-0.7077633142471313,2.615736246109009,1.1947559118270874,2.4215786457061768,173.50323486328125,208.5207061767578,148.63131713867188
321,0.0333099365234375,-0.7077928781509399,2.618478298187256,1.1944855451583862,2.419222593307495,173.52175903320312,208.54254150390625,148.6302947998047
322,0.03363204002380371,-0.707728922367096,2.6196348667144775,1.1934349536895752,2.4190263748168945,173.50167846679688,208.50038146972656,148.63607788085938
323,0.03349733352661133,-0.7074646949768066,2.613219976425171,1.1964607238769531,2.425036668777466,173.47988891601562,208.4407196044922,148.63619995117188
324,0.03323483467102051,-0.7077212929725647,2.6158154010772705,1.1953848600387573,2.421841859817505,173.49534606933594,208.4850311279297,148.6476593017578
325,0.03376007080078125,-0.7078311443328857,2.6186680793762207,1.1928277015686035,2.41994047164917,173.51548767089844,208.4676513671875,148.64649963378906
326,0.03384232521057129,-0.7077011466026306,2.615374803543091,1.1917215585708618,2.4225378036499023,173.51861572265625,208.44808959960938,148.6409454345703
327,0.03366684913635254,-0.7076429724693298,2.614156484603882,1.1924201250076294,2.4228098392486572,173.54318237304688,208.46800231933594,148.64956665039062
328,0.033731698989868164,-0.7076597213745117,2.6186599731445312,1.1924350261688232,2.4178459644317627,173.57278442382812,208.5106964111328,148.6625518798828
329,0.033739566802978516,-0.7075697183609009,2.6137731075286865,1.196284532546997,2.4230875968933105,173.5374755859375,208.4557647705078,148.66249084472656
330,0.03354048728942871,-0.7077072858810425,2.6163594722747803,1.1992316246032715,2.4207046031951904,173.55853271484375,208.42515563964844,148.66270446777344
331,0.033473968505859375,-0.7077102661132812,2.6184184551239014,1.1977041959762573,2.4188008308410645,173.52830505371094,208.4384765625,148.66722106933594
332,0.03345918655395508,-0.707754373550415,2.6162188053131104,1.197389006614685,2.419179916381836,173.55462646484375,208.4740753173828,148.67161560058594
333,0.03358006477355957,-0.7076303958892822,2.6136128902435303,1.199973702430725,2.4214656352996826,173.48704528808594,208.4652862548828,148.67262268066406
334,0.03376054763793945,-0.7076560258865356,2.6139044761657715,1.2006433010101318,2.421151638031006,173.49119567871094,208.48495483398438,148.6702423095703
335,0.03355264663696289,-0.7077283263206482,2.6152875423431396,1.199221134185791,2.419574737548828,173.47357177734375,208.50469970703125,148.66746520996094
336,0.03334784507751465,-0.7077322602272034,2.615154981613159,1.197385549545288,2.4200425148010254,173.4310302734375,208.49871826171875,148.6682586669922
337,0.03339838981628418,-0.7078123688697815,2.615699291229248,1.1956387758255005,2.419543504714966,173.43826293945312,208.4925994873047,148.66929626464844
338,0.03366971015930176,-0.7075375318527222,2.613477945327759,1.1933965682983398,2.422450065612793,173.4054412841797,208.51087951660156,148.66903686523438
339,0.033356666564941406,-0.7077812552452087,2.617483377456665,1.1921782493591309,2.41803240776062,173.43885803222656,208.53277587890625,148.67784118652344
340,0.03362393379211426,-0.7077372670173645,2.6156022548675537,1.195146083831787,2.421036958694458,173.43429565429688,208.47555541992188,148.6725311279297
341,0.03383755683898926,-0.7077128291130066,2.618612289428711,1.193293571472168,2.417327642440796,173.4406280517578,208.4935302734375,148.67123413085938
342,0.033580780029296875,-0.7075024247169495,2.6127235889434814,1.197308897972107,2.423595666885376,173.39161682128906,208.46299743652344,148.66978454589844
343,0.033374786376953125,-0.7076507210731506,2.614396810531616,1.1959871053695679,2.4216225147247314,173.40879821777344,208.4671173095703,148.67242431640625
344,0.03332209587097168,-0.7078296542167664,2.6175334453582764,1.1949571371078491,2.4187657833099365,173.43380737304688,208.47830200195312,148.66653442382812
345,0.03339338302612305,-0.7076631784439087,2.6147258281707764,1.19484281539917,2.422045946121216,173.40609741210938,208.4635009765625,148.66749572753906
346,0.03366398811340332,-0.7078207731246948,2.6183199882507324,1.1938976049423218,2.4184608459472656,173.40802001953125,208.46383666992188,148.66725158691406
347,0.03329610824584961,-0.7076652646064758,2.6146414279937744,1.19157874584198,2.4219138622283936,173.3751220703125,208.4639129638672,148.6625518798828
348,0.03347921371459961,-0.7077397108078003,2.6176905632019043,1.19203782081604,2.417304515838623,173.36607360839844,208.53549194335938,148.66539001464844
349,0.03365969657897949,-0.7074273824691772,2.611651659011841,1.1943458318710327,2.424027442932129,173.31036376953125,208.4919891357422,148.6610565185547
350,0.03347039222717285,-0.7078266143798828,2.6164116859436035,1.19579017162323,2.420125722885132,173.3815460205078,208.4575958251953,148.66905212402344
351,0.03376960754394531,-0.7078390717506409,2.616293430328369,1.19479238986969,2.419454574584961,173.38284301757812,208.437744140625,148.6646728515625
352,0.03343772888183594,-0.7076642513275146,2.6144065856933594,1.1983349323272705,2.4200963973999023,173.38282775878906,208.4501495361328,148.66177368164062
353,0.03351283073425293,-0.707609236240387,2.613595962524414,1.1990395784378052,2.4215049743652344,173.40414428710938,208.44735717773438,148.6608428955078
354,0.033574581146240234,-0.7077734470367432,2.6166889667510986,1.198428750038147,2.4187734127044678,173.43145751953125,208.4644775390625,148.6563262939453
355,0.03313899040222168,-0.7077589631080627,2.618131160736084,1.1953232288360596,2.4174511432647705,173.44003295898438,208.48587036132812,148.6533660888672
356,0.03359198570251465,-0.7077775597572327,2.615736246109009,1.1953264474868774,2.4204418659210205,173.41323852539062,208.4735107421875,148.65658569335938
357,0.0337369441986084,-0.7073211073875427,2.621032476425171,1.194173812866211,2.4151642322540283,173.43592834472656,208.48326110839844,148.6553955078125
358,0.03370952606201172,-0.7076209187507629,2.6200835704803467,1.1938700675964355,2.4175901412963867,173.3748779296875,208.46717834472656,148.64877319335938
359,0.03396320343017578,-0.707565188407898,2.6145129203796387,1.1971389055252075,2.4238791465759277,173.40475463867188,208.409912109375,148.65086364746094
360,0.0330510139465332,-0.7072798013687134,2.6222689151763916,1.1931548118591309,2.4160022735595703,173.51234436035156,208.45631408691406,148.65342712402344
361,0.03365325927734375,-0.7073528170585632,2.622380018234253,1.1940232515335083,2.416635751724243,173.46884155273438,208.44119262695312,148.65162658691406
362,0.03361630439758301,-0.7077941298484802,2.6191275119781494,1.1956793069839478,2.421020269393921,173.43798828125,208.39120483398438,148.64596557617188
363,0.033606767654418945,-0.7077518701553345,2.6204919815063477,1.1929991245269775,2.419325828552246,173.42733764648438,208.4009552001953,148.64599609375
364,0.033544063568115234,-0.7076723575592041,2.6164751052856445,1.1954255104064941,2.423407554626465,173.41427612304688,208.4273681640625,148.6421661376953
365,0.033327341079711914,-0.7078257203102112,2.6183829307556152,1.1945186853408813,2.4217140674591064,173.4149627685547,208.43429565429688,148.63719177246094
366,0.03349757194519043,-0.7077645063400269,2.620931386947632,1.1928054094314575,2.4200284481048584,173.4311065673828,208.420654296875,148.63800048828125
367,0.0334014892578125,-0.707547664642334,2.6162734031677246,1.193560242652893,2.4247429370880127,173.37945556640625,208.38861083984375,148.63375854492188
368,0.03335070610046387,-0.7076385617256165,2.62233829498291,1.1930879354476929,2.4199745655059814,173.4596405029297,208.4051513671875,148.63941955566406
369,0.033562660217285156,-0.7074545621871948,2.6156256198883057,1.1936331987380981,2.426546573638916,173.44570922851562,208.37574768066406,148.63356018066406
370,0.03378891944885254,-0.7074158191680908,2.614485502243042,1.193862795829773,2.427351951599121,173.45867919921875,208.3965606689453,148.6369171142578
371,0.033658504486083984,-0.7075157165527344,2.615469455718994,1.1920686960220337,2.4254844188690186,173.45590209960938,208.43600463867188,148.64503479003906
372,0.03351926803588867,-0.7078263759613037,2.619713068008423,1.193353295326233,2.4214260578155518,173.56011962890625,208.45777893066406,148.65139770507812
373,0.03329944610595703,-0.7077257633209229,2.6171255111694336,1.191847801208496,2.423651695251465,173.5087890625,208.43923950195312,148.64796447753906
374,0.033774375915527344,-0.7076570987701416,2.6207404136657715,1.1910080909729004,2.419887065887451,173.5411376953125,208.46141052246094,148.65492248535156
375,0.03372979164123535,-0.707700788974762,2.6169352531433105,1.1924374103546143,2.4235126972198486,173.48257446289062,208.42933654785156,148.65028381347656
376,0.03381967544555664,-0.7075937390327454,2.6210789680480957,1.193020224571228,2.4187896251678467,173.50477600097656,208.47109985351562,148.65660095214844
377,0.033629417419433594,-0.7074235081672668,2.61346173286438,1.195651888847351,2.426731824874878,173.46725463867188,208.42503356933594,148.6546630859375
378,0.03339862823486328,-0.7075039148330688,2.6143152713775635,1.1926028728485107,2.4260365962982178,173.47528076171875,208.4703826904297,148.6642303466797
379,0.033403635025024414,-0.707603931427002,2.6161460876464844,1.1924657821655273,2.4249603748321533,173.50547790527344,208.46878051757812,148.6712188720703
380,0.03377962112426758,-0.707670271396637,2.616302251815796,1.1944801807403564,2.423830509185791,173.50213623046875,208.4883270263672,148.67581176757812
381,0.03350639343261719,-0.7073993682861328,2.6223623752593994,1.191416621208191,2.418259620666504,173.5093536376953,208.50071716308594,148.6744384765625
382,0.03351473808288574,-0.7077410221099854,2.6192989349365234,1.1889479160308838,2.421309471130371,173.4786376953125,208.4859619140625,148.6743927001953
383,0.0334935188293457,-0.7077888250350952,2.6172714233398438,1.1908258199691772,2.4229896068573,173.47572326660156,208.50555419921875,148.6765899658203
384,0.033753395080566406,-0.7078697085380554,2.6175007820129395,1.1921625137329102,2.4214179515838623,173.47027587890625,208.51109313964844,148.6842041015625
385,0.034113407135009766,-0.7078397274017334,2.618164539337158,1.1928532123565674,2.4207334518432617,173.4774932861328,208.50946044921875,148.6821746826172
386,0.03342795372009277,-0.7077445387840271,2.6172220706939697,1.1945111751556396,2.4229958057403564,173.4481658935547,208.46775817871094,148.6748046875
387,0.033420562744140625,-0.7078209519386292,2.6179358959198,1.1931477785110474,2.422546148300171,173.47268676757812,208.45884704589844,148.67236328125
388,0.0333559513092041,-0.7076429724693298,2.6209716796875,1.1912658214569092,2.419508218765259,173.48146057128906,208.46185302734375,148.66978454589844
389,0.03321194648742676,-0.7077348232269287,2.617576837539673,1.1943289041519165,2.423548936843872,173.4484405517578,208.40896606445312,148.66387939453125
390,0.03368425369262695,-0.7077793478965759,2.6182913780212402,1.1908081769943237,2.423323631286621,173.40357971191406,208.4469757080078,148.6646270751953
391,0.03339028358459473,-0.7078120112419128,2.620037317276001,1.1942123174667358,2.419952869415283,173.422607421875,208.47116088867188,148.6697998046875
392,0.03376436233520508,-0.7078425884246826,2.618178367614746,1.1931437253952026,2.4216372966766357,173.38002014160156,208.46017456054688,148.66473388671875
393,0.033338308334350586,-0.7072554230690002,2.623232841491699,1.1908422708511353,2.4167680740356445,173.45545959472656,208.4659881591797,148.66053771972656
394,0.0333712100982666,-0.7077679634094238,2.618001699447632,1.191824197769165,2.4232351779937744,173.39047241210938,208.45188903808594,148.6576385498047
395,0.03338027000427246,-0.7076879143714905,2.6209795475006104,1.1907410621643066,2.4200806617736816,173.43106079101562,208.49046325683594,148.6687469482422
396,0.03349018096923828,-0.7078287601470947,2.6191890239715576,1.1915507316589355,2.422551155090332,173.41329956054688,208.44544982910156,148.6604766845703
397,0.033272743225097656,-0.7075904607772827,2.62196946144104,1.1928901672363281,2.4195053577423096,173.44259643554688,208.48077392578125,148.66500854492188
398,0.03362679481506348,-0.7075182795524597,2.6163759231567383,1.194583773612976,2.4257471561431885,173.40638732910156,208.4390106201172,148.66043090820312
399,0.03336644172668457,-0.7078012824058533,2.619408130645752,1.1966649293899536,2.4233779907226562,173.44371032714844,208.42250061035156,148.6627960205078
400,0.03332185745239258,-0.7077969312667847,2.6204822063446045,1.1978418827056885,2.422520160675049,173.3922576904297,208.40492248535156,148.65768432617188
401,0.03365969657897949,-0.7076589465141296,2.6184895038604736,1.1994469165802002,2.4233710765838623,173.3262176513672,208.4393768310547,148.65541076660156
402,0.03326749801635742,-0.7077168822288513,2.620969295501709,1.2001607418060303,2.4209156036376953,173.34678649902344,208.4788818359375,148.6547393798828
403,0.03378438949584961,-0.7078368663787842,2.6205732822418213,1.1948317289352417,2.4212160110473633,173.33216857910156,208.51832580566406,148.6524658203125
404,0.033667802810668945,-0.7075803279876709,2.6169252395629883,1.1952624320983887,2.4248552322387695,173.304443359375,208.52142333984375,148.64891052246094
405,0.03372502326965332,-0.7078438401222229,2.6193699836730957,1.195596694946289,2.422466516494751,173.30935668945312,208.5206298828125,148.64419555664062
406,0.03352665901184082,-0.7078077793121338,2.618786334991455,1.1963850259780884,2.4225003719329834,173.27561950683594,208.5162353515625,148.6436004638672
407,0.03296375274658203,-0.7073168754577637,2.625051259994507,1.1943676471710205,2.4166083335876465,173.30262756347656,208.51834106445312,148.63743591308594
408,0.03339409828186035,-0.7076581716537476,2.622570753097534,1.1944979429244995,2.419616937637329,173.24337768554688,208.53756713867188,148.6411895751953
409,0.033417701721191406,-0.7075892090797424,2.6183249950408936,1.1955620050430298,2.4254910945892334,173.1693572998047,208.49188232421875,148.64065551757812
410,0.03336930274963379,-0.7077354788780212,2.620526075363159,1.1962730884552002,2.4243569374084473,173.16937255859375,208.48944091796875,148.63681030273438
411,0.03327059745788574,-0.707760751247406,2.6235740184783936,1.1976205110549927,2.421827554702759,173.20069885253906,208.43568420410156,148.6305694580078
412,0.034357309341430664,-0.7077429294586182,2.623570203781128,1.1991486549377441,2.4215567111968994,173.2175750732422,208.41212463378906,148.62100219726562
413,0.03290081024169922,-0.7075036764144897,2.618574857711792,1.1978192329406738,2.4268221855163574,173.15219116210938,208.40652465820312,148.61843872070312
414,0.034975290298461914,-0.7078098654747009,2.6228694915771484,1.1955690383911133,2.4232959747314453,173.1795196533203,208.47506713867188,148.61341857910156
415,0.033336639404296875,-0.7077586054801941,2.623497247695923,1.1953279972076416,2.4222190380096436,173.20579528808594,208.5136260986328,148.6118621826172
416,0.03322124481201172,-0.7078000903129578,2.6237375736236572,1.1950551271438599,2.423107385635376,173.22825622558594,208.4994659423828,148.611572265625
417,0.03336691856384277,-0.7077971696853638,2.622624635696411,1.1914602518081665,2.4247469902038574,173.2083282470703,208.5131072998047,148.60902404785156
418,0.033518075942993164,-0.7075252532958984,2.625331401824951,1.1904890537261963,2.4214887619018555,173.20138549804688,208.51812744140625,148.6091766357422
419,0.03333878517150879,-0.7077870965003967,2.623399019241333,1.1905975341796875,2.4251463413238525,173.18145751953125,208.4611053466797,148.60243225097656
420,0.033342599868774414,-0.707825243473053,2.623476266860962,1.1935397386550903,2.424091339111328,173.23048400878906,208.4648895263672,148.6083221435547
421,0.03335165977478027,-0.7078054547309875,2.6226353645324707,1.1947170495986938,2.424534320831299,173.2372283935547,208.49713134765625,148.6053009033203
422,0.03357124328613281,-0.7077903747558594,2.6221532821655273,1.1940281391143799,2.425074577331543,173.2716827392578,208.4846649169922,148.60208129882812
423,0.03339195251464844,-0.7078346014022827,2.623324394226074,1.1940830945968628,2.423311233520508,173.2966766357422,208.4894561767578,148.60057067871094
424,0.03360462188720703,-0.7078432440757751,2.622772216796875,1.1941684484481812,2.4241204261779785,173.30482482910156,208.4951629638672,148.59429931640625
425,0.03373074531555176,-0.7077403664588928,2.620866298675537,1.195042371749878,2.4251482486724854,173.29701232910156,208.5062255859375,148.58993530273438
426,0.03335714340209961,-0.707680344581604,2.62416672706604,1.1959340572357178,2.421029567718506,173.31069946289062,208.49818420410156,148.58592224121094
427,0.03375077247619629,-0.7076705694198608,2.620563507080078,1.1997865438461304,2.424842596054077,173.28469848632812,208.4871063232422,148.58761596679688
428,0.03329873085021973,-0.7077093124389648,2.619950532913208,1.198559284210205,2.424727201461792,173.2802734375,208.48301696777344,148.58653259277344
429,0.033400535583496094,-0.7077484130859375,2.6234548091888428,1.1946184635162354,2.421769618988037,173.28924560546875,208.479736328125,148.5850830078125
430,0.033521413803100586,-0.7076483964920044,2.619657516479492,1.1960463523864746,2.4262638092041016,173.27850341796875,208.46392822265625,148.58348083496094
431,0.03331875801086426,-0.7078290581703186,2.6212620735168457,1.1968783140182495,2.4243929386138916,173.2953338623047,208.47781372070312,148.58248901367188
432,0.03362393379211426,-0.7077934145927429,2.6206929683685303,1.1971278190612793,2.4246366024017334,173.28704833984375,208.48016357421875,148.58059692382812
433,0.0334475040435791,-0.7077804803848267,2.623988389968872,1.1973963975906372,2.4220802783966064,173.3102569580078,208.44886779785156,148.5765380859375
434,0.03348278999328613,-0.7078132033348083,2.6216881275177,1.196347951889038,2.424260377883911,173.32920837402344,208.40179443359375,148.57322692871094
435,0.033339738845825195,-0.7073208093643188,2.6159048080444336,1.2031153440475464,2.429487943649292,173.30978393554688,208.3675079345703,148.56753540039062
436,0.03337836265563965,-0.7073507905006409,2.616302251815796,1.2034797668457031,2.429164409637451,173.30906677246094,208.39849853515625,148.57518005371094
437,0.03339052200317383,-0.7073434591293335,2.615489959716797,1.2064437866210938,2.430537700653076,173.2964630126953,208.43067932128906,148.58216857910156
438,0.03358149528503418,-0.7073875665664673,2.6167964935302734,1.2026662826538086,2.429478645324707,173.31134033203125,208.47589111328125,148.5967254638672
439,0.03331112861633301,-0.7074370384216309,2.6178641319274902,1.2021188735961914,2.4291324615478516,173.2891387939453,208.51197814941406,148.60345458984375
440,0.033583879470825195,-0.7075566649436951,2.619128942489624,1.2033369541168213,2.427781820297241,173.32704162597656,208.56790161132812,148.61431884765625
441,0.033681392669677734,-0.7076236009597778,2.6192450523376465,1.2024248838424683,2.4264581203460693,173.35337829589844,208.60670471191406,148.62747192382812
442,0.03329586982727051,-0.7076647281646729,2.620795249938965,1.2004449367523193,2.42555832862854,173.3511962890625,208.63914489746094,148.6406707763672
443,0.033701419830322266,-0.707671046257019,2.6191811561584473,1.1988729238510132,2.4264822006225586,173.35382080078125,208.6663055419922,148.640869140625
444,0.033774614334106445,-0.7076413631439209,2.61851167678833,1.1998357772827148,2.4265999794006348,173.36962890625,208.6587371826172,148.64404296875
445,0.03369712829589844,-0.7076310515403748,2.618124008178711,1.1998704671859741,2.4269704818725586,173.3624725341797,208.66639709472656,148.64817810058594
446,0.033709049224853516,-0.7076603174209595,2.619609832763672,1.1997126340866089,2.4245941638946533,173.3563690185547,208.70230102539062,148.65533447265625
447,0.033258914947509766,-0.7077414393424988,2.6218276023864746,1.1998724937438965,2.4232497215270996,173.3925323486328,208.69308471679688,148.6505889892578
448,0.03380870819091797,-0.7077202796936035,2.622708559036255,1.1996289491653442,2.4229910373687744,173.3997802734375,208.67567443847656,148.65020751953125
449,0.03327488899230957,-0.7076683640480042,2.6197547912597656,1.1992062330245972,2.426487922668457,173.34307861328125,208.62232971191406,148.64566040039062
450,0.03346753120422363,-0.7077113389968872,2.620976209640503,1.200364112854004,2.4242429733276367,173.3764190673828,208.61981201171875,148.6461181640625
451,0.033225297927856445,-0.7077057361602783,2.6215455532073975,1.2000153064727783,2.4238998889923096,173.39036560058594,208.6000518798828,148.6452178955078
452,0.0332949161529541,-0.7076918482780457,2.623687982559204,1.1961649656295776,2.4214043617248535,173.41445922851562,208.6370086669922,148.64352416992188
453,0.033349037170410156,-0.7077893614768982,2.622124671936035,1.1934894323349,2.4225664138793945,173.41046142578125,208.63792419433594,148.64491271972656
454,0.033307790756225586,-0.7076540589332581,2.6190221309661865,1.194509506225586,2.426333427429199,173.36563110351562,208.60975646972656,148.64230346679688
455,0.03320884704589844,-0.7077229619026184,2.623293161392212,1.193555474281311,2.422175645828247,173.39183044433594,208.59849548339844,148.63539123535156
456,0.0332334041595459,-0.7076371312141418,2.6192667484283447,1.1938204765319824,2.426717758178711,173.35337829589844,208.56997680664062,148.63406372070312
457,0.03347301483154297,-0.7073502540588379,2.625563383102417,1.1899431943893433,2.420248508453369,173.403564453125,208.57666015625,148.63027954101562
458,0.03335762023925781,-0.7077655792236328,2.620945692062378,1.193564772605896,2.4254820346832275,173.38156127929688,208.54034423828125,148.62937927246094
459,0.03343510627746582,-0.7078239917755127,2.62252140045166,1.1930325031280518,2.423251152038574,173.41091918945312,208.54505920410156,148.6282501220703
460,0.03352475166320801,-0.7077823281288147,2.6206626892089844,1.1938196420669556,2.4247934818267822,173.37203979492188,208.5366668701172,148.62298583984375
461,0.0333409309387207,-0.707675576210022,2.6233370304107666,1.1928846836090088,2.421607494354248,173.40867614746094,208.5183563232422,148.62002563476562
462,0.03338432312011719,-0.7075380682945251,2.6180810928344727,1.1960198879241943,2.427218437194824,173.39431762695312,208.47491455078125,148.6158905029297
463,0.033562421798706055,-0.7078199982643127,2.620840549468994,1.197616696357727,2.4230377674102783,173.379638671875,208.5233612060547,148.61769104003906
464,0.033484458923339844,-0.7078446745872498,2.621121883392334,1.1952484846115112,2.421936273574829,173.3429412841797,208.54510498046875,148.62034606933594
465,0.0334925651550293,-0.7075667381286621,2.6167454719543457,1.1965079307556152,2.4261231422424316,173.2915802001953,208.5570831298828,148.61793518066406
466,0.03395986557006836,-0.7074231505393982,2.614943504333496,1.2004289627075195,2.4281270503997803,173.2672576904297,208.56985473632812,148.6174774169922
467,0.03360176086425781,-0.7076070308685303,2.6172282695770264,1.200119137763977,2.4258086681365967,173.27191162109375,208.61085510253906,148.6241912841797
468,0.03356623649597168,-0.7077808380126953,2.619967222213745,1.1983931064605713,2.422649383544922,173.28440856933594,208.62689208984375,148.62860107421875
469,0.03331637382507324,-0.7078225016593933,2.6223459243774414,1.1966309547424316,2.4221107959747314,173.26914978027344,208.57977294921875,148.62051391601562
470,0.03368067741394043,-0.7077124118804932,2.6196129322052,1.196703314781189,2.4245269298553467,173.26918029785156,208.58094787597656,148.61546325683594
471,0.033499956130981445,-0.7078445553779602,2.6219749450683594,1.1951274871826172,2.422420024871826,173.2877655029297,208.57806396484375,148.6123809814453
472,0.03373312950134277,-0.7078333497047424,2.6226370334625244,1.1947916746139526,2.4227349758148193,173.32382202148438,208.5428009033203,148.61158752441406
473,0.03351426124572754,-0.7078171372413635,2.621910572052002,1.1951611042022705,2.4247193336486816,173.33287048339844,208.5313720703125,148.60899353027344
474,0.03334760665893555,-0.7078181505203247,2.623114585876465,1.1956641674041748,2.423614978790283,173.34304809570312,208.5096893310547,148.6057891845703
475,0.033339500427246094,-0.707819938659668,2.62096905708313,1.1971720457077026,2.4242351055145264,173.34669494628906,208.52525329589844,148.60232543945312
476,0.033753395080566406,-0.7077391147613525,2.623225450515747,1.196556806564331,2.4212963581085205,173.35121154785156,208.5209197998047,148.60107421875
477,0.033017635345458984,-0.7075690031051636,2.618260383605957,1.1956080198287964,2.426762819290161,173.34185791015625,208.51251220703125,148.5925750732422
478,0.033442020416259766,-0.7077723741531372,2.6195101737976074,1.1969859600067139,2.4243571758270264,173.3956298828125,208.52825927734375,148.5952606201172
479,0.03363656997680664,-0.7076886296272278,2.6232399940490723,1.196848750114441,2.420545816421509,173.37857055664062,208.52442932128906,148.59527587890625
480,0.03326296806335449,-0.7077345252037048,2.619765043258667,1.1965786218643188,2.425137519836426,173.33090209960938,208.48971557617188,148.59500122070312
481,0.03349137306213379,-0.7078379988670349,2.6214280128479004,1.196181058883667,2.423084259033203,173.32765197753906,208.50025939941406,148.58370971679688
482,0.0338132381439209,-0.7078242301940918,2.6220593452453613,1.196345329284668,2.422213077545166,173.31239318847656,208.49502563476562,148.5826416015625
483,0.03383994102478027,-0.7077579498291016,2.6192867755889893,1.196780800819397,2.4238104820251465,173.31312561035156,208.52896118164062,148.5838165283203
484,0.03353309631347656,-0.7077849507331848,2.622483491897583,1.1967002153396606,2.4214274883270264,173.36314392089844,208.49600219726562,148.57887268066406
485,0.03324294090270996,-0.7072186470031738,2.6258199214935303,1.1932450532913208,2.4165213108062744,173.36358642578125,208.5539093017578,148.58424377441406
486,0.03364825248718262,-0.7078369855880737,2.6201539039611816,1.1941355466842651,2.4215869903564453,173.29173278808594,208.56858825683594,148.58364868164062
487,0.033766746520996094,-0.7077558040618896,2.6215298175811768,1.1940317153930664,2.4205715656280518,173.3140869140625,208.56317138671875,148.58352661132812
488,0.03352856636047363,-0.7077106833457947,2.618675947189331,1.1944210529327393,2.424191474914551,173.32208251953125,208.5378875732422,148.58457946777344
489,0.033483266830444336,-0.7078444361686707,2.6197292804718018,1.194849967956543,2.4213647842407227,173.3720245361328,208.5725860595703,148.58880615234375
490,0.03332257270812988,-0.7076199054718018,2.6216635704040527,1.1931426525115967,2.4197497367858887,173.39065551757812,208.58355712890625,148.59349060058594
491,0.03341960906982422,-0.7073398232460022,2.6149330139160156,1.197510838508606,2.4276809692382812,173.3156280517578,208.5003204345703,148.59097290039062
492,0.033838510513305664,-0.7076043486595154,2.6234116554260254,1.203183889389038,2.424701690673828,173.3348388671875,208.6522979736328,148.598876953125
493,0.03327631950378418,-0.7077004313468933,2.6208746433258057,1.2009589672088623,2.4264519214630127,173.33135986328125,208.67747497558594,148.5998077392578
494,0.03334331512451172,-0.7076048851013184,2.6230599880218506,1.2038508653640747,2.424412965774536,173.33441162109375,208.66358947753906,148.6094512939453
495,0.03370356559753418,-0.7076621055603027,2.6218888759613037,1.2023861408233643,2.424517869949341,173.33322143554688,208.71957397460938,148.61302185058594
496,0.03364157676696777,-0.7077075242996216,2.620401620864868,1.2011892795562744,2.4257402420043945,173.32130432128906,208.71665954589844,148.61708068847656
497,0.033379316329956055,-0.7076824307441711,2.620346784591675,1.203175663948059,2.4256091117858887,173.3253631591797,208.6825714111328,148.62234497070312
498,0.033565521240234375,-0.7076494693756104,2.6193766593933105,1.2034419775009155,2.426116466522217,173.28631591796875,208.70318603515625,148.6269073486328
499,0.033609867095947266,-0.7075934410095215,2.6186978816986084,1.2051080465316772,2.4261553287506104,173.27845764160156,208.72817993164062,148.6318817138672
