itr,time,geodesic,loss,theta,phi,gamma,bx,by,bz
1,0.029100988060235977,282.7410888671875,-0.14122845232486725,204.86427307128906,189.1527557373047,189.4810028076172,3.720721960067749,1.0015594959259033,1.0936228036880493
2,0.030881060287356377,284.0561828613281,-0.2158023566007614,204.39059448242188,190.91851806640625,189.2323760986328,3.660878896713257,1.0955510139465332,1.102176547050476
3,0.027481218799948692,285.5693054199219,-0.3201427757740021,203.67803955078125,192.90809631347656,189.01307678222656,3.5934340953826904,1.1691778898239136,1.1230865716934204
4,0.02816207893192768,283.11090087890625,-0.3781488537788391,202.8429412841797,195.1932373046875,188.77699279785156,3.5109450817108154,1.239814043045044,1.1536082029342651
5,0.02700003795325756,278.8216857910156,-0.3929373323917389,202.01539611816406,197.27853393554688,188.6481475830078,3.4370994567871094,1.2946579456329346,1.185378074645996
6,0.02682134136557579,275.23577880859375,-0.3821971118450165,201.4261474609375,199.0672149658203,188.65110778808594,3.374509334564209,1.3437364101409912,1.2198680639266968
7,0.027854062616825104,273.61639404296875,-0.33531641960144043,200.9276123046875,200.29714965820312,188.64378356933594,3.3289616107940674,1.3700023889541626,1.2509621381759644
8,0.02723107673227787,271.5950927734375,-0.3087477684020996,200.64573669433594,201.12225341796875,188.76385498046875,3.299220323562622,1.3937289714813232,1.2755661010742188
9,0.025769250467419624,271.61181640625,-0.29780903458595276,200.67535400390625,201.63943481445312,189.0932159423828,3.2854371070861816,1.4246244430541992,1.2901045083999634
10,0.026460718363523483,274.892822265625,-0.29450005292892456,200.856689453125,201.63087463378906,189.67967224121094,3.28244686126709,1.4554736614227295,1.2945274114608765
11,0.026522381231188774,279.4617614746094,-0.29748213291168213,201.18167114257812,201.43687438964844,190.5782470703125,3.292393922805786,1.4838171005249023,1.2877094745635986
12,0.027560563758015633,285.2733459472656,-0.30290552973747253,201.54608154296875,201.13804626464844,191.7310333251953,3.3107244968414307,1.4986175298690796,1.273292064666748
13,0.02617720142006874,290.26019287109375,-0.31152427196502686,201.93118286132812,200.68251037597656,193.11265563964844,3.338118553161621,1.5017012357711792,1.2506874799728394
14,0.027463074773550034,294.9611511230469,-0.32688701152801514,202.32025146484375,200.17074584960938,194.69314575195312,3.373933792114258,1.4934866428375244,1.220015048980713
15,0.025882408022880554,299.767822265625,-0.3478564918041229,202.7100067138672,199.6875762939453,196.43649291992188,3.409466505050659,1.4734042882919312,1.1900607347488403
16,0.027308207005262375,303.55029296875,-0.36714789271354675,203.20912170410156,199.330078125,198.299560546875,3.447481393814087,1.4530408382415771,1.1579279899597168
17,0.026598544791340828,308.51446533203125,-0.37824690341949463,203.79757690429688,199.11839294433594,200.143310546875,3.479342222213745,1.435223937034607,1.131544828414917
18,0.026141604408621788,313.33795166015625,-0.3793778121471405,204.51617431640625,199.1825714111328,201.93638610839844,3.5000619888305664,1.4352142810821533,1.114024043083191
19,0.027411676943302155,318.96453857421875,-0.3844105005264282,205.3850555419922,199.43943786621094,203.7349395751953,3.514397621154785,1.44708251953125,1.101749300956726
20,0.026411667466163635,325.20843505859375,-0.3967095911502838,206.382080078125,200.00799560546875,205.56642150878906,3.525480031967163,1.4783971309661865,1.0902845859527588
21,0.026469353586435318,333.777587890625,-0.4264056980609894,207.4818572998047,200.81320190429688,207.5255889892578,3.5310492515563965,1.5224322080612183,1.0833919048309326
22,0.028036970645189285,343.12957763671875,-0.4396510720252991,208.40782165527344,201.77357482910156,209.54734802246094,3.531942844390869,1.5490033626556396,1.0806407928466797
23,0.02660672552883625,349.3013000488281,-0.4424314796924591,209.1276397705078,202.84722900390625,211.64125061035156,3.5331878662109375,1.5525497198104858,1.0773487091064453
24,0.027379410341382027,352.620361328125,-0.4517609775066376,209.7443084716797,203.95738220214844,213.78660583496094,3.540924072265625,1.5484724044799805,1.0676063299179077
25,0.028387464582920074,356.3409423828125,-0.4627711772918701,210.2440948486328,204.98983764648438,215.82962036132812,3.550204038619995,1.530339002609253,1.0566608905792236
26,0.0268829595297575,358.44500732421875,-0.4713979959487915,210.6727294921875,205.88937377929688,217.68844604492188,3.559237241744995,1.4983919858932495,1.0465675592422485
27,0.027378594502806664,358.50244140625,-0.47528591752052307,211.2765655517578,206.6544647216797,219.24029541015625,3.572460889816284,1.4746482372283936,1.0341224670410156
28,0.028090760111808777,360.18572998046875,-0.4686344265937805,212.0132598876953,207.29833984375,220.4084014892578,3.581792116165161,1.4607770442962646,1.0278619527816772
29,0.02734636887907982,361.7547607421875,-0.4617113173007965,212.91600036621094,207.73687744140625,221.1733856201172,3.5882434844970703,1.4586970806121826,1.0284507274627686
30,0.02836744859814644,363.4103698730469,-0.45999568700790405,213.9567413330078,207.9824981689453,221.51974487304688,3.5953731536865234,1.4638322591781616,1.0324277877807617
31,0.027397138997912407,365.34466552734375,-0.46003493666648865,215.0441436767578,207.9823455810547,221.44534301757812,3.6026487350463867,1.4674707651138306,1.0400726795196533
32,0.027285892516374588,366.3084716796875,-0.46532386541366577,216.2172393798828,207.7866668701172,220.98756408691406,3.6104185581207275,1.4781864881515503,1.0502351522445679
33,0.02767273224890232,367.6062316894531,-0.47080373764038086,217.1823272705078,207.65037536621094,220.25973510742188,3.6161346435546875,1.4759316444396973,1.0613744258880615
34,0.027643103152513504,366.68389892578125,-0.4753352999687195,218.05929565429688,207.51368713378906,219.3445587158203,3.618795871734619,1.4711251258850098,1.0757731199264526
35,0.026520617306232452,364.5729064941406,-0.479966938495636,218.67576599121094,207.38221740722656,218.33621215820312,3.6083250045776367,1.4435604810714722,1.1025432348251343
36,0.026943963021039963,356.64178466796875,-0.4876544177532196,219.20533752441406,207.4115447998047,217.30474853515625,3.5903842449188232,1.414451241493225,1.1344592571258545
37,0.02788442187011242,347.20361328125,-0.4965837895870209,219.8141632080078,207.3904266357422,216.2754669189453,3.5793850421905518,1.388366460800171,1.1619411706924438
38,0.0265943743288517,339.55218505859375,-0.5032534003257751,220.4569854736328,207.07199096679688,215.2886962890625,3.57297682762146,1.3469904661178589,1.1918412446975708
39,0.027354523539543152,330.32940673828125,-0.5023787021636963,221.49281311035156,206.7309112548828,214.5095672607422,3.5744004249572754,1.3363817930221558,1.2209588289260864
40,0.027619995176792145,326.46014404296875,-0.5021908283233643,222.90916442871094,206.34152221679688,213.9103546142578,3.5844240188598633,1.3585137128829956,1.2479006052017212
41,0.026890477165579796,328.2938232421875,-0.5172943472862244,224.39828491210938,205.9241180419922,213.47711181640625,3.6066372394561768,1.37476646900177,1.2657229900360107
42,0.026676619425415993,331.701904296875,-0.5127963423728943,225.72406005859375,205.38824462890625,213.2298583984375,3.635838270187378,1.3565659523010254,1.2782806158065796
43,0.02666056528687477,332.2186584472656,-0.5285248160362244,226.93125915527344,204.8101043701172,213.14932250976562,3.6678762435913086,1.31000816822052,1.2890316247940063
44,0.026660623028874397,330.09033203125,-0.5171323418617249,228.35594177246094,204.7602996826172,213.27410888671875,3.6784884929656982,1.3001477718353271,1.3148038387298584
45,0.026473311707377434,328.98358154296875,-0.5187326073646545,229.8677978515625,205.39427185058594,213.5707550048828,3.6658365726470947,1.3279986381530762,1.3493677377700806
46,0.02734554000198841,329.2318115234375,-0.5439704060554504,231.14808654785156,206.21078491210938,213.9271697998047,3.6462340354919434,1.3384122848510742,1.3839627504348755
47,0.02701474167406559,326.8810119628906,-0.5350088477134705,232.03565979003906,206.83091735839844,214.23458862304688,3.6320431232452393,1.2980929613113403,1.4122121334075928
48,0.02737222984433174,319.6148986816406,-0.5467604398727417,233.0002899169922,207.192138671875,214.47315979003906,3.6373963356018066,1.254854440689087,1.4310401678085327
49,0.027749843895435333,314.794921875,-0.5484318733215332,234.08953857421875,207.4872283935547,214.8177490234375,3.65346360206604,1.214439868927002,1.4441916942596436
50,0.028383105993270874,312.08441162109375,-0.5311770439147949,235.6912841796875,208.09043884277344,215.50613403320312,3.6672940254211426,1.2234588861465454,1.4609718322753906
51,0.027428461238741875,315.3483581542969,-0.5562433004379272,237.31777954101562,208.84536743164062,216.3236083984375,3.677079916000366,1.2402317523956299,1.4779609441757202
52,0.027260884642601013,319.15032958984375,-0.5625008344650269,238.7362060546875,209.8111572265625,217.14263916015625,3.67663311958313,1.251076579093933,1.4955238103866577
53,0.026702526956796646,321.04046630859375,-0.5595608353614807,240.05885314941406,210.56541442871094,217.8770751953125,3.6897013187408447,1.2499161958694458,1.5046113729476929
54,0.026915598660707474,323.4093322753906,-0.5601792931556702,241.21426391601562,211.1839599609375,218.50933837890625,3.7078969478607178,1.235669732093811,1.5109790563583374
55,0.028205808252096176,324.8751220703125,-0.5640864372253418,242.17044067382812,211.8318328857422,218.9865264892578,3.7173385620117188,1.218906044960022,1.5226588249206543
56,0.02729053609073162,324.5880126953125,-0.5623462200164795,242.9183349609375,212.5493621826172,219.27755737304688,3.7184696197509766,1.2051231861114502,1.5386804342269897
57,0.028032060712575912,323.2327880859375,-0.5623906850814819,243.52142333984375,213.3375244140625,219.42271423339844,3.717747449874878,1.196668267250061,1.5513393878936768
58,0.02849056012928486,322.3187255859375,-0.5634698271751404,243.93304443359375,214.13665771484375,219.44961547851562,3.7113330364227295,1.1834548711776733,1.5656253099441528
59,0.0279109887778759,320.01080322265625,-0.5694013833999634,244.08799743652344,214.94583129882812,219.5006103515625,3.696622610092163,1.1485931873321533,1.5786925554275513
60,0.029619939625263214,314.39129638671875,-0.5946671962738037,244.2215576171875,215.7436981201172,219.58753967285156,3.6838436126708984,1.110621690750122,1.5879405736923218
61,0.0292873065918684,308.8170471191406,-0.5768025517463684,244.69784545898438,216.9564666748047,219.71543884277344,3.66056752204895,1.1277776956558228,1.5989192724227905
62,0.02885855734348297,308.6466369628906,-0.5898230075836182,245.46827697753906,217.8678436279297,220.0654754638672,3.6603996753692627,1.1430037021636963,1.6022276878356934
63,0.02884085290133953,311.3138427734375,-0.5829126238822937,246.4223175048828,218.1482696533203,220.59632873535156,3.691288471221924,1.1321343183517456,1.5987794399261475
64,0.028651326894760132,314.6369323730469,-0.6058749556541443,247.23513793945312,218.39154052734375,221.27578735351562,3.7168476581573486,1.0966962575912476,1.5932024717330933
65,0.03019336611032486,314.93743896484375,-0.6140847206115723,248.48782348632812,218.8720703125,222.2415771484375,3.7471537590026855,1.0930157899856567,1.5951067209243774
66,0.02982313185930252,319.6129150390625,-0.6256955862045288,249.70223999023438,219.6424560546875,223.1021728515625,3.7599847316741943,1.1035916805267334,1.604127287864685
67,0.02978712134063244,323.4681091308594,-0.6093297004699707,250.12965393066406,220.42686462402344,223.7291259765625,3.7435219287872314,1.04588782787323,1.6192290782928467
68,0.030067691579461098,315.68731689453125,-0.6112649440765381,250.49948120117188,221.41346740722656,224.07861328125,3.71256422996521,1.0177264213562012,1.635417103767395
69,0.031237252056598663,309.23114013671875,-0.6035605072975159,251.16986083984375,222.67747497558594,224.39138793945312,3.670905113220215,1.052178144454956,1.6554803848266602
70,0.030565407127141953,308.9420166015625,-0.6357855796813965,252.23655700683594,223.50904846191406,225.11090087890625,3.6671648025512695,1.0779328346252441,1.6698206663131714
71,0.031833091750741005,312.5068359375,-0.6072547435760498,253.2101287841797,223.4881591796875,225.89085388183594,3.7066099643707275,1.047354817390442,1.6738612651824951
72,0.031615423038601875,314.34918212890625,-0.6510018110275269,254.12469482421875,223.63885498046875,226.40692138671875,3.7233192920684814,1.0465244054794312,1.6781206130981445
73,0.030891288071870804,316.96392822265625,-0.6350223422050476,254.6544189453125,224.04592895507812,226.53115844726562,3.7003262042999268,1.0634645223617554,1.6819021701812744
74,0.030886588618159294,316.7890930175781,-0.6285167932510376,254.677001953125,224.10391235351562,226.2654571533203,3.667973279953003,1.0406149625778198,1.6843178272247314
75,0.030701428651809692,310.7422790527344,-0.6468109488487244,254.5047607421875,223.5214385986328,226.04034423828125,3.663914680480957,0.9654877185821533,1.6821362972259521
76,0.030555488541722298,301.46356201171875,-0.5840238332748413,254.40919494628906,223.2470245361328,225.8681640625,3.628349542617798,0.947249174118042,1.6737663745880127
77,0.03053949773311615,295.3861389160156,-0.5589907765388489,255.21202087402344,223.10784912109375,226.67581176757812,3.621546983718872,0.9659425616264343,1.6632258892059326
78,0.030150022357702255,298.00103759765625,-0.6045257449150085,256.8459777832031,223.09994506835938,228.30772399902344,3.63301420211792,1.0252232551574707,1.6521360874176025
79,0.031138328835368156,308.42926025390625,-0.6496544480323792,258.024658203125,222.6080322265625,229.58685302734375,3.6550965309143066,1.0428004264831543,1.6418555974960327
80,0.031974343582987785,314.4291076660156,-0.6205642223358154,258.65118408203125,221.7555389404297,230.36392211914062,3.668999671936035,1.023549199104309,1.6356359720230103
81,0.03089391626417637,314.51904296875,-0.6185380816459656,258.5848693847656,220.84524536132812,230.65928649902344,3.6571898460388184,0.9725355505943298,1.6293309926986694
82,0.030621608719229698,307.3200378417969,-0.5879623889923096,258.641845703125,220.4853515625,230.9378662109375,3.6084039211273193,0.982664167881012,1.6208354234695435
83,0.03072427585721016,303.3846435546875,-0.6485872864723206,258.6875,220.63681030273438,231.06173706054688,3.5239369869232178,1.0342020988464355,1.6128307580947876
84,0.030039452016353607,301.45703125,-0.5707433223724365,258.9857177734375,219.79872131347656,231.6316680908203,3.516397714614868,1.0451401472091675,1.5981112718582153
85,0.030010616406798363,302.64312744140625,-0.5704942941665649,259.4854736328125,218.06544494628906,232.53390502929688,3.577049493789673,1.0164848566055298,1.5793224573135376
86,0.030902031809091568,305.934814453125,-0.6452826261520386,259.5724182128906,216.2751007080078,233.13052368164062,3.6294808387756348,0.9597646594047546,1.5643577575683594
87,0.031555693596601486,305.2744445800781,-0.5720193386077881,259.8597412109375,215.0825958251953,233.76512145996094,3.652012825012207,0.9553443789482117,1.5502653121948242
88,0.030389796942472458,308.2284851074219,-0.5490912199020386,260.176513671875,214.41415405273438,234.3426971435547,3.6447041034698486,0.9922031760215759,1.5379408597946167
89,0.030352642759680748,312.6383972167969,-0.580757737159729,260.5098571777344,214.12515258789062,234.94606018066406,3.6198809146881104,1.0471971035003662,1.5256235599517822
90,0.03141200914978981,317.3766174316406,-0.573884904384613,260.2732238769531,214.06991577148438,235.15785217285156,3.5650298595428467,1.0732595920562744,1.5193333625793457
91,0.031495317816734314,314.6542053222656,-0.5885369777679443,259.7281494140625,214.00596618652344,235.00379943847656,3.5033187866210938,1.07901132106781,1.51900315284729
92,0.030599186196923256,308.4723205566406,-0.5984842777252197,258.91790771484375,213.66943359375,234.69093322753906,3.4509429931640625,1.044015645980835,1.5271310806274414
93,0.030443914234638214,297.6452331542969,-0.5901687741279602,258.566650390625,212.67210388183594,234.87881469726562,3.4609038829803467,0.9997692108154297,1.5369607210159302
94,0.030695876106619835,292.0089416503906,-0.6114159822463989,258.8721618652344,211.26898193359375,235.7373046875,3.53481125831604,0.9577105641365051,1.5443300008773804
95,0.030650291591882706,294.37786865234375,-0.6002427339553833,259.330322265625,210.58944702148438,236.3199005126953,3.5559675693511963,0.9833400845527649,1.5590300559997559
96,0.031122909858822823,300.03814697265625,-0.6078190207481384,259.8159484863281,210.41497802734375,236.85646057128906,3.5452396869659424,1.037034034729004,1.573477864265442
97,0.03189963661134243,305.87255859375,-0.6257619261741638,259.843994140625,210.43421936035156,237.01902770996094,3.50826358795166,1.063531517982483,1.5931696891784668
98,0.030961887910962105,305.2702941894531,-0.6193963885307312,259.4288024902344,210.47657775878906,236.8579864501953,3.4583566188812256,1.0560518503189087,1.6156409978866577
99,0.030655406415462494,299.220947265625,-0.6370558142662048,258.9751281738281,210.30853271484375,237.00387573242188,3.425999164581299,1.0104578733444214,1.6356186866760254
100,0.030246946960687637,290.2742919921875,-0.6026706099510193,259.3007507324219,209.68020629882812,237.7100067138672,3.455195665359497,0.9947517514228821,1.6504759788513184
101,0.030306534841656685,291.08050537109375,-0.6526954770088196,259.8646240234375,208.6528778076172,238.4751434326172,3.530914545059204,0.9794574975967407,1.6645928621292114
102,0.030655091628432274,296.3421325683594,-0.6112096309661865,260.5438537597656,208.09539794921875,238.92127990722656,3.572476863861084,1.0182113647460938,1.6772618293762207
103,0.03085525892674923,305.4516906738281,-0.6031069755554199,261.068359375,207.89903259277344,239.19725036621094,3.581451654434204,1.0632230043411255,1.686034083366394
104,0.031382057815790176,311.9794006347656,-0.5654576420783997,261.16522216796875,207.7528076171875,239.0926513671875,3.5714974403381348,1.0857428312301636,1.6925992965698242
105,0.03130683861672878,313.6058044433594,-0.5606386065483093,260.9410705566406,207.59786987304688,238.65280151367188,3.5523416996002197,1.092613935470581,1.695465326309204
106,0.03047861158847809,312.2785949707031,-0.5657814145088196,260.43426513671875,207.52777099609375,237.98004150390625,3.5216763019561768,1.087907314300537,1.6962920427322388
107,0.030620332807302475,308.4316101074219,-0.5913458466529846,259.504150390625,207.59169006347656,237.0330047607422,3.4715678691864014,1.0606428384780884,1.6982718706130981
108,0.0301214586943388,300.0527038574219,-0.6389100551605225,258.36297607421875,207.6298065185547,236.0849151611328,3.4217662811279297,1.0049468278884888,1.6962344646453857
109,0.02994108758866787,287.9903259277344,-0.5892487168312073,258.0956726074219,206.9883575439453,235.81639099121094,3.4556007385253906,0.9754123091697693,1.6881829500198364
110,0.030986325815320015,286.0166931152344,-0.6369017958641052,258.7314453125,206.2200164794922,235.94515991210938,3.5366413593292236,0.9987387657165527,1.677925944328308
111,0.03169318474829197,296.10394287109375,-0.6071927547454834,259.553955078125,206.13998413085938,235.98973083496094,3.567133665084839,1.075317144393921,1.671597957611084
112,0.031040459871292114,308.7197265625,-0.5950312614440918,259.68927001953125,206.0831756591797,235.65914916992188,3.572890520095825,1.0873109102249146,1.6696717739105225
113,0.031707920134067535,310.54840087890625,-0.5826624631881714,259.27984619140625,206.1797637939453,235.1025390625,3.548321008682251,1.0466115474700928,1.6759800910949707
114,0.031985629349946976,302.82025146484375,-0.6234476566314697,258.8446350097656,206.6636199951172,234.38514709472656,3.4963881969451904,1.0231975317001343,1.6849392652511597
115,0.030456997454166412,294.8526611328125,-0.6624005436897278,258.49310302734375,207.41526794433594,233.64608764648438,3.428323268890381,1.0139985084533691,1.697830080986023
116,0.030371788889169693,288.1263427734375,-0.5854607224464417,258.7991638183594,207.51214599609375,233.43276977539062,3.4332470893859863,1.0225930213928223,1.7030643224716187
117,0.030530359596014023,289.7582092285156,-0.5945232510566711,259.6611328125,206.9255828857422,233.73556518554688,3.507641553878784,1.0387917757034302,1.6985578536987305
118,0.03015226498246193,297.9480895996094,-0.6657164096832275,260.3094787597656,206.7284698486328,233.75845336914062,3.5489518642425537,1.0614181756973267,1.6973274946212769
119,0.03042077273130417,304.5142822265625,-0.6302543878555298,260.4349670410156,206.61215209960938,233.3399658203125,3.5667226314544678,1.0543311834335327,1.6992501020431519
120,0.03116415999829769,304.99139404296875,-0.6212517619132996,260.3298034667969,206.91293334960938,232.73524475097656,3.549158811569214,1.0435630083084106,1.7051575183868408
121,0.03164934925734997,301.7958679199219,-0.6381712555885315,260.1469421386719,207.63851928710938,231.86488342285156,3.495373010635376,1.0519678592681885,1.7157999277114868
122,0.030647480860352516,298.0467529296875,-0.6602335572242737,259.8292236328125,207.7316131591797,231.0106201171875,3.479753255844116,1.0166642665863037,1.7217203378677368
123,0.03046237677335739,291.8525695800781,-0.6545385718345642,260.0545349121094,207.4966583251953,230.67332458496094,3.5110793113708496,0.9921618103981018,1.723484754562378
124,0.030460016801953316,291.1640625,-0.6490052938461304,260.44744873046875,207.87425231933594,230.50843811035156,3.4971702098846436,1.0053210258483887,1.727257490158081
125,0.031114114448428154,292.011962890625,-0.6672204732894897,261.07403564453125,208.14833068847656,230.46453857421875,3.4981470108032227,1.029850721359253,1.7294955253601074
126,0.03181469440460205,295.6254577636719,-0.6742546558380127,261.7185363769531,207.95872497558594,230.47947692871094,3.534069299697876,1.0341763496398926,1.7279860973358154
127,0.030934056267142296,299.3599853515625,-0.6654094457626343,262.1230163574219,208.1388397216797,230.11061096191406,3.533088207244873,1.0516000986099243,1.7306392192840576
128,0.030741922557353973,301.49212646484375,-0.6625257730484009,261.9390563964844,208.2905731201172,229.31240844726562,3.510634422302246,1.0341145992279053,1.7351248264312744
129,0.030489753931760788,297.1319580078125,-0.6804031133651733,261.8086853027344,208.14816284179688,228.5435333251953,3.507631540298462,1.0062543153762817,1.7398929595947266
130,0.03005036525428295,292.990478515625,-0.6713284850120544,261.9488525390625,208.06544494628906,227.89588928222656,3.5074656009674072,1.0047396421432495,1.7459872961044312
131,0.0309392549097538,292.569580078125,-0.6704584956169128,262.3926696777344,208.00820922851562,227.4300537109375,3.512077808380127,1.0279428958892822,1.7536067962646484
132,0.03156031668186188,295.8468322753906,-0.6805660128593445,263.00762939453125,207.8433837890625,227.2291259765625,3.5315539836883545,1.041162371635437,1.7589387893676758
133,0.03025079146027565,299.2216796875,-0.6771424412727356,263.3460998535156,207.87738037109375,226.9497528076172,3.5299551486968994,1.0315626859664917,1.7624579668045044
134,0.030282456427812576,298.1214904785156,-0.6797573566436768,263.5049133300781,208.04701232910156,226.5282745361328,3.5105996131896973,1.0164748430252075,1.763843297958374
135,0.031324710696935654,294.8582763671875,-0.6814785599708557,263.8809814453125,208.0137939453125,226.2897491455078,3.5114071369171143,1.0044857263565063,1.7660523653030396
136,0.03115801513195038,293.66827392578125,-0.6776002049446106,264.5027160644531,208.03176879882812,226.11009216308594,3.5147204399108887,1.0271028280258179,1.7664035558700562
137,0.03216090053319931,296.9986877441406,-0.6816052794456482,265.0832214355469,207.96112060546875,226.00906372070312,3.525679111480713,1.0323415994644165,1.7627676725387573
138,0.029904963448643684,298.75665283203125,-0.6772201657295227,265.33465576171875,207.8478546142578,225.8107452392578,3.5297985076904297,1.006964921951294,1.753767967224121
139,0.03092551790177822,296.0379638671875,-0.6729915142059326,265.467529296875,208.24794006347656,225.3916473388672,3.4900050163269043,1.0164775848388672,1.7448480129241943
140,0.030718421563506126,294.0823669433594,-0.6688994765281677,265.7745056152344,208.03353881835938,225.2452850341797,3.506763219833374,1.0005916357040405,1.7288094758987427
141,0.03077608533203602,293.33428955078125,-0.6832507848739624,266.28302001953125,207.83795166015625,225.08058166503906,3.524937629699707,1.0133616924285889,1.7148572206497192
142,0.03045148402452469,296.5318298339844,-0.6806418299674988,266.60736083984375,207.9949188232422,224.68084716796875,3.5103025436401367,1.0380972623825073,1.703678846359253
143,0.030234020203351974,298.41973876953125,-0.6679383516311646,266.4310607910156,207.61941528320312,224.18646240234375,3.5199573040008545,0.9888213872909546,1.6888583898544312
144,0.03099825233221054,292.66241455078125,-0.6624134182929993,266.5078430175781,207.8593292236328,223.58279418945312,3.4875941276550293,1.0111722946166992,1.6804097890853882
145,0.03163192421197891,292.5213317871094,-0.6745744347572327,266.9145202636719,207.7613525390625,223.3414764404297,3.493828773498535,1.0265634059906006,1.6686094999313354
146,0.03128182515501976,295.1490783691406,-0.6751744747161865,267.30926513671875,207.13331604003906,223.19424438476562,3.5385472774505615,1.0062346458435059,1.6551027297973633
147,0.030850816518068314,296.7240295410156,-0.6518109440803528,267.5384216308594,207.3003387451172,222.92015075683594,3.5180461406707764,1.011661410331726,1.6482772827148438
148,0.030496342107653618,295.6670227050781,-0.679629385471344,267.7454528808594,207.8495330810547,222.5972137451172,3.470414400100708,1.029680848121643,1.6459038257598877
149,0.03042672760784626,293.9891357421875,-0.6467016339302063,267.8681945800781,207.69015502929688,222.352783203125,3.4728193283081055,1.0037846565246582,1.6406463384628296
150,0.031313082203269005,290.80938720703125,-0.6679091453552246,268.29681396484375,207.23391723632812,222.40773010253906,3.5117599964141846,0.9731597304344177,1.6357920169830322
151,0.03162437863647938,290.6849060058594,-0.6460184454917908,269.01141357421875,207.4433135986328,222.33856201171875,3.5047247409820557,1.0191713571548462,1.6404157876968384
152,0.030626537278294563,296.4205017089844,-0.6828709840774536,269.3775939941406,207.62245178222656,222.22674560546875,3.4946224689483643,1.024114727973938,1.6466724872589111
153,0.030541792511940002,296.3974609375,-0.6730412840843201,269.3456115722656,207.29714965820312,222.047607421875,3.510028600692749,0.9695330262184143,1.6496163606643677
154,0.030502038076519966,290.648193359375,-0.6507929563522339,269.6065673828125,207.6170654296875,221.7411346435547,3.479037046432495,0.9915218353271484,1.6595408916473389
155,0.030400795862078667,290.80810546875,-0.6790939569473267,270.2196960449219,207.75418090820312,221.69720458984375,3.4764764308929443,1.0235393047332764,1.668527603149414
156,0.031209899112582207,295.19390869140625,-0.6520227789878845,270.5279846191406,207.1035614013672,221.60704040527344,3.5247554779052734,1.0002182722091675,1.6678849458694458
157,0.031973639503121376,296.4248046875,-0.6655597686767578,270.5950012207031,207.2423858642578,221.33773803710938,3.5056447982788086,1.0002065896987915,1.6713900566101074
158,0.030894432216882706,294.6807861328125,-0.6859464645385742,270.55609130859375,207.68641662597656,220.9938201904297,3.45932674407959,1.0021296739578247,1.680766224861145
159,0.03026660718023777,291.05084228515625,-0.6511187553405762,270.5612487792969,207.26449584960938,220.79141235351562,3.4828813076019287,0.9712908864021301,1.6797521114349365
160,0.03022783063352108,288.8028564453125,-0.676408052444458,271.0392761230469,206.8446807861328,220.96319580078125,3.5196545124053955,0.9634317755699158,1.6796954870224
161,0.030135171487927437,291.39276123046875,-0.6361017823219299,271.6507568359375,207.29949951171875,220.8553466796875,3.4888558387756348,1.0361659526824951,1.6825703382492065
162,0.03098236955702305,298.42462158203125,-0.6327762603759766,271.6982116699219,207.32662963867188,220.69252014160156,3.47944712638855,1.036592960357666,1.6777390241622925
163,0.03161623515188694,297.6990966796875,-0.6278764009475708,271.2333068847656,206.8870086669922,220.53062438964844,3.494663715362549,0.9671247005462646,1.664259433746338
164,0.0301338080316782,289.59893798828125,-0.6709833741188049,271.23187255859375,206.9591064453125,220.5068817138672,3.4789841175079346,0.956068217754364,1.6588574647903442
165,0.03021738864481449,286.80987548828125,-0.6618233919143677,271.8172302246094,207.2591094970703,220.72024536132812,3.4619081020355225,1.00243079662323,1.657158613204956
166,0.03113342821598053,292.01727294921875,-0.6625331044197083,272.2212829589844,206.81178283691406,220.9579315185547,3.5020642280578613,1.0010868310928345,1.6459801197052002
167,0.031866831704974174,295.65277099609375,-0.6798563003540039,272.2601318359375,206.67445373535156,220.8993377685547,3.506749153137207,0.9939659237861633,1.6393719911575317
168,0.030727161094546318,295.19610595703125,-0.6745522022247314,272.0111389160156,207.08934020996094,220.6317138671875,3.461576461791992,0.989942729473114,1.6420764923095703
169,0.03073669783771038,290.44989013671875,-0.6750629544258118,271.8916320800781,206.90924072265625,220.52767944335938,3.470852851867676,0.9651389122009277,1.6394070386886597
170,0.030653659254312515,287.8321838378906,-0.6739251017570496,272.2362365722656,206.7165985107422,220.55645751953125,3.4956295490264893,0.9776059985160828,1.6416418552398682
171,0.031108448281884193,291.90570068359375,-0.6802470684051514,272.5611267089844,207.03677368164062,220.40750122070312,3.4817638397216797,1.0254414081573486,1.6469279527664185
172,0.0304791908711195,297.0482177734375,-0.6469162702560425,272.2859802246094,206.94285583496094,220.21742248535156,3.4843900203704834,0.9958028793334961,1.6470675468444824
173,0.03039916232228279,293.1385192871094,-0.6879826188087463,272.0173645019531,206.7789306640625,220.06298828125,3.495277166366577,0.9552135467529297,1.6474924087524414
174,0.030452175065875053,288.5693359375,-0.6539340615272522,272.1599426269531,207.23492431640625,219.81092834472656,3.4631147384643555,0.9972419142723083,1.6547281742095947
175,0.03031148575246334,291.2777099609375,-0.6684364080429077,272.2973937988281,206.9692840576172,219.65696716308594,3.488482713699341,1.002611756324768,1.6546640396118164
176,0.03170143812894821,294.0758056640625,-0.6842203736305237,272.2347412109375,206.54632568359375,219.54489135742188,3.524885654449463,0.9732546210289001,1.6509885787963867
177,0.030966011807322502,293.45965576171875,-0.6400177478790283,272.07806396484375,206.87890625,219.26292419433594,3.4950945377349854,0.9833618402481079,1.6549288034439087
178,0.03090841881930828,291.80548095703125,-0.6849625110626221,272.1552429199219,207.42393493652344,219.1717071533203,3.4551193714141846,1.0084854364395142,1.6614195108413696
179,0.030588170513510704,291.8299255371094,-0.6423550248146057,272.05572509765625,207.05894470214844,219.08253479003906,3.479220390319824,0.9860037565231323,1.65642249584198
180,0.030330155044794083,290.69757080078125,-0.6823683381080627,272.31103515625,206.6007080078125,219.21011352539062,3.5227925777435303,0.9790685772895813,1.6498768329620361
181,0.03162630274891853,293.9155578613281,-0.6482726335525513,272.48626708984375,207.04505920410156,219.217041015625,3.4913058280944824,1.0087943077087402,1.653262972831726
182,0.032691339030861855,295.073974609375,-0.6781467795372009,272.30340576171875,207.19229125976562,219.22622680664062,3.474360942840576,0.983603835105896,1.6533715724945068
183,0.0304030179977417,290.286865234375,-0.680868923664093,272.4494934082031,207.1331787109375,219.48828125,3.4853663444519043,0.96467125415802,1.6526429653167725
184,0.030269358307123184,289.0444641113281,-0.6772114038467407,273.0414123535156,207.2200927734375,219.93130493164062,3.4954774379730225,0.9891000986099243,1.6547433137893677
185,0.03170863911509514,293.7855224609375,-0.6874058246612549,273.4122009277344,207.50131225585938,220.17822265625,3.4884033203125,1.011258602142334,1.6560317277908325
186,0.03076435811817646,296.48236083984375,-0.6610483527183533,273.08831787109375,207.24803161621094,220.22816467285156,3.5039126873016357,0.9557226300239563,1.6513159275054932
187,0.031060827895998955,290.50677490234375,-0.6552502512931824,272.9665222167969,207.6443634033203,220.03314208984375,3.467798948287964,0.9750035405158997,1.650640606880188
188,0.03064451925456524,289.67474365234375,-0.6809403300285339,273.208251953125,207.75433349609375,220.0410614013672,3.4659883975982666,1.0043587684631348,1.6499221324920654
189,0.030159875750541687,293.5562438964844,-0.6551077365875244,273.0751647949219,207.08038330078125,219.984375,3.5162835121154785,0.9724940657615662,1.64215087890625
190,0.030231837183237076,293.6750793457031,-0.6552362442016602,272.8282470703125,207.2085418701172,219.68499755859375,3.4961767196655273,0.9857067465782166,1.6415183544158936
191,0.03142254799604416,293.1816101074219,-0.6865811944007874,272.55340576171875,207.56289672851562,219.36183166503906,3.457472562789917,1.004223346710205,1.6451860666275024
192,0.03172553889453411,291.9145812988281,-0.6504659056663513,272.1390686035156,207.06045532226562,219.08226013183594,3.480668067932129,0.9753557443618774,1.6413050889968872
193,0.030925320461392403,289.5594482421875,-0.6808207631111145,272.1717529296875,206.5842742919922,219.13621520996094,3.518160104751587,0.9644204378128052,1.63792085647583
194,0.030656583607196808,291.57940673828125,-0.6379358172416687,272.37066650390625,206.9365234375,219.05374145507812,3.4927282333374023,1.018650770187378,1.6415600776672363
195,0.030575841665267944,296.31414794921875,-0.6655012965202332,272.0872497558594,207.0292510986328,218.96836853027344,3.4757370948791504,1.0061694383621216,1.6434201002120972
196,0.030226023867726326,292.98681640625,-0.6764540076255798,271.7248229980469,206.68270874023438,218.9286346435547,3.4930379390716553,0.9577796459197998,1.6408179998397827
197,0.03153049014508724,287.9010009765625,-0.6542098522186279,271.87567138671875,206.857421875,219.2333526611328,3.4810445308685303,0.9587060213088989,1.6453475952148438
198,0.031084654852747917,287.23187255859375,-0.664889931678772,272.59295654296875,207.3157958984375,219.9088134765625,3.4597058296203613,1.0012327432632446,1.6565262079238892
199,0.031041212379932404,291.9473571777344,-0.6580694317817688,273.0555114746094,206.94186401367188,220.5309600830078,3.4983274936676025,0.9864336848258972,1.6596885919570923
200,0.03069464862346649,293.91693115234375,-0.6834270358085632,273.22125244140625,206.88011169433594,220.9466552734375,3.5031917095184326,0.9667553305625916,1.6659812927246094
201,0.030673325061798096,292.1710205078125,-0.6659284234046936,273.3117370605469,207.4488525390625,221.11402893066406,3.450955629348755,0.9895972609519958,1.675116777420044
202,0.030071448534727097,291.04119873046875,-0.651793897151947,273.22576904296875,207.0789337158203,221.27972412109375,3.4686026573181152,0.9664479494094849,1.6742916107177734
203,0.03025246411561966,289.38397216796875,-0.6842310428619385,273.36407470703125,206.6434783935547,221.41941833496094,3.502472162246704,0.9687941074371338,1.671797752380371
204,0.03150745667517185,292.6540832519531,-0.6645299792289734,273.380126953125,206.81393432617188,221.2684326171875,3.482264280319214,1.010587215423584,1.6726714372634888
205,0.03132348880171776,296.1997985839844,-0.6597013473510742,272.69281005859375,206.41403198242188,220.90184020996094,3.4891245365142822,0.9720573425292969,1.6647733449935913
206,0.03037964180111885,291.02899169921875,-0.6812585592269897,272.0869140625,206.378662109375,220.49525451660156,3.473975658416748,0.9642148017883301,1.6506431102752686
207,0.030533866956830025,287.98992919921875,-0.6763036847114563,271.9543151855469,206.45008850097656,220.20431518554688,3.463330030441284,1.000125765800476,1.640855073928833
208,0.030177835375070572,291.51104736328125,-0.675944983959198,271.793701171875,205.9449920654297,219.99473571777344,3.498414993286133,0.9978703856468201,1.6300923824310303
209,0.03027339093387127,294.00408935546875,-0.6802457571029663,271.586669921875,205.91954040527344,219.72509765625,3.497999668121338,1.0065441131591797,1.6257084608078003
210,0.031328678131103516,294.804931640625,-0.6797600388526917,271.2957763671875,206.2351531982422,219.44439697265625,3.4713423252105713,1.012147068977356,1.6267848014831543
211,0.03096642903983593,292.84344482421875,-0.6762468218803406,270.9559020996094,206.1693878173828,219.2259521484375,3.47336483001709,0.9842487573623657,1.6289405822753906
212,0.030922921374440193,288.9794006347656,-0.6725949048995972,271.146484375,206.1259307861328,219.37225341796875,3.4889323711395264,0.9808693528175354,1.6329442262649536
213,0.030657663941383362,290.135498046875,-0.6751168370246887,271.77056884765625,206.40818786621094,219.90896606445312,3.4915945529937744,1.0029938220977783,1.6419352293014526
214,0.030386891216039658,294.0020751953125,-0.6859620213508606,272.2025451660156,206.76113891601562,220.4090118408203,3.4856674671173096,1.0043445825576782,1.652021884918213
215,0.03034220077097416,294.30126953125,-0.6830342411994934,272.31256103515625,206.88821411132812,220.8153533935547,3.491039991378784,0.9659040570259094,1.6578173637390137
216,0.0312944445759058,290.1712951660156,-0.6766284704208374,272.6468200683594,207.45742797851562,221.0718994140625,3.465073347091675,0.9863079786300659,1.6671088933944702
217,0.031690170988440514,291.129638671875,-0.6768487691879272,272.9404602050781,207.2771453857422,221.343505859375,3.496967315673828,0.9762144088745117,1.6703346967697144
218,0.0307167898863554,292.8714599609375,-0.6814985275268555,273.0013732910156,207.4476318359375,221.3592987060547,3.492750883102417,0.9787945747375488,1.677444338798523
219,0.030372504144906998,292.9396057128906,-0.6859424114227295,272.8833312988281,207.81483459472656,221.13897705078125,3.4658355712890625,0.9892606139183044,1.687776803970337
220,0.03026554547250271,291.9949035644531,-0.6672510504722595,272.5654296875,207.3114471435547,220.94503784179688,3.5003421306610107,0.948200523853302,1.6913913488388062
221,0.03157595358788967,289.173583984375,-0.6483346223831177,272.4868469238281,207.5713653564453,220.6627197265625,3.474198579788208,0.9791944026947021,1.6946978569030762
222,0.031066887080669403,290.79937744140625,-0.6833542585372925,272.6695556640625,207.4972686767578,220.5666046142578,3.4853339195251465,1.0108349323272705,1.6940990686416626
223,0.031054487451910973,295.7591552734375,-0.6603559851646423,272.2861022949219,206.8217315673828,220.37570190429688,3.5269508361816406,0.9656822085380554,1.6849356889724731
224,0.030594326555728912,293.0680847167969,-0.6329347491264343,271.98309326171875,207.04202270507812,220.06594848632812,3.496851921081543,0.9799960851669312,1.681359052658081
225,0.030340438708662987,291.8604736328125,-0.6866792440414429,271.80181884765625,207.53004455566406,219.82423400878906,3.448110342025757,1.0100325345993042,1.6784082651138306
226,0.030483843758702278,291.6141357421875,-0.6267606019973755,271.4855651855469,207.19932556152344,219.65345764160156,3.457611560821533,0.9944271445274353,1.6650917530059814
227,0.030574746429920197,289.8372802734375,-0.6608990430831909,271.328857421875,206.1883544921875,219.67431640625,3.5258820056915283,0.9559381604194641,1.6450341939926147
228,0.031591154634952545,290.646728515625,-0.6086569428443909,271.3262939453125,206.03819274902344,219.450927734375,3.532008647918701,0.9876678586006165,1.633653998374939
229,0.030969368293881416,295.1913757324219,-0.6314711570739746,271.2645568847656,206.6506805419922,219.0658721923828,3.4798707962036133,1.0533729791641235,1.6295267343521118
230,0.030493060126900673,298.7431335449219,-0.617342472076416,270.7554016113281,206.79644775390625,218.77105712890625,3.4517312049865723,1.041534185409546,1.6226249933242798
231,0.030195409432053566,294.4002380371094,-0.6214478611946106,270.069091796875,206.3467559814453,218.5330047607422,3.4641289710998535,0.9832148551940918,1.6071430444717407
232,0.03023473173379898,287.1318359375,-0.6543961763381958,269.9944763183594,205.9519805908203,218.66885375976562,3.49183988571167,0.9539889693260193,1.5960159301757812
233,0.030249660834670067,285.9518737792969,-0.6158691048622131,270.6715087890625,206.04600524902344,219.11343383789062,3.5004632472991943,0.9998175501823425,1.5966453552246094
234,0.031025005504488945,293.525634765625,-0.6725526452064514,271.418212890625,206.60842895507812,219.71913146972656,3.4769845008850098,1.0521392822265625,1.6061111688613892
235,0.030377546325325966,299.0394287109375,-0.6201754212379456,271.73309326171875,206.78199768066406,220.26470947265625,3.4748988151550293,1.0444375276565552,1.6088494062423706
236,0.03069373592734337,298.4020690917969,-0.6272038817405701,271.54156494140625,206.61582946777344,220.78521728515625,3.489088773727417,0.9694387912750244,1.6066498756408691
237,0.03040507808327675,290.0587158203125,-0.6680397987365723,271.67047119140625,206.89678955078125,221.3430938720703,3.475273370742798,0.9455279111862183,1.6126573085784912
238,0.030071578919887543,286.021240234375,-0.6483691334724426,272.2938537597656,207.5630645751953,221.95440673828125,3.439436912536621,0.988197922706604,1.6300146579742432
239,0.03021121583878994,289.3890686035156,-0.6447540521621704,272.91876220703125,207.4276580810547,222.52987670898438,3.467374086380005,1.0106966495513916,1.6393377780914307
240,0.031534718349575996,295.42266845703125,-0.6505745649337769,273.03192138671875,206.83367919921875,222.8931121826172,3.516136646270752,0.9733520150184631,1.6446526050567627
241,0.03128289617598057,295.093017578125,-0.6433305740356445,272.9539794921875,206.90972900390625,222.97183227539062,3.504091262817383,0.9704819321632385,1.6548165082931519
242,0.030905041843652725,293.55023193359375,-0.6572532057762146,272.7228698730469,207.47531127929688,222.7081298828125,3.4474241733551025,1.001795768737793,1.6655116081237793
243,0.030382703989744186,292.60357666015625,-0.6374411582946777,272.23968505859375,207.32070922851562,222.51780700683594,3.4405555725097656,0.9792454838752747,1.667494535446167
244,0.03024030290544033,288.60394287109375,-0.6483954787254333,271.8985290527344,206.38421630859375,222.418212890625,3.503967046737671,0.9419782757759094,1.6613284349441528
245,0.030762406066060066,288.6204528808594,-0.6130667924880981,271.80194091796875,206.3101348876953,222.35716247558594,3.4981706142425537,0.9706798195838928,1.6588633060455322
246,0.03191444091498852,291.61968994140625,-0.6640655398368835,271.7143249511719,206.8124237060547,221.99717712402344,3.4432432651519775,1.0467617511749268,1.6617708206176758
247,0.030882857739925385,296.745849609375,-0.5923590064048767,271.1414794921875,206.71588134765625,221.68295288085938,3.419262647628784,1.0473514795303345,1.6539433002471924
248,0.030879896134138107,294.3932800292969,-0.5841341614723206,270.2357482910156,206.05355834960938,221.46571350097656,3.4273555278778076,0.9903611540794373,1.6352981328964233
249,0.031049543991684914,286.37750244140625,-0.6356244087219238,269.7294616699219,204.73550415039062,221.41867065429688,3.5052428245544434,0.9389660358428955,1.6109707355499268
250,0.033541588112711906,286.004638671875,-0.5703332424163818,269.50640869140625,204.1573028564453,221.4059600830078,3.5308120250701904,0.9437679052352905,1.5948243141174316
